2 1 3 0 1 3 3 0 Y__ - 3
3 2 4 1 1 3 4 1 Y__ - 4
3 3 5 1 2 4 9 2 Y+__ 1 8
4 3 8 3 - - - - N__ - 8
4 4 8 3 1 6 9 2 Y__ - 9
4 5 7 3 2 5 13 4 Y+__ 1 12
4 6 8 3 3 6 21 6 Y+*^ 1 17
5 4 11 6 - - - - N__ - 11
5 5 6 6 - - - - N__ - 7
5 6 8 6 - - - - N__ - 10
5 7 11 6 1 8 14 3 Y__ - 14
5 8 9 6 2 6 18 6 Y__ - 18
5 9 11 6 3 8 30 9 Y+*^ 1 26
5 10 12 6 4 9 42 12 Y+__ 2 30
6 5 6 10 - - - - N__ - 6
6 6 15 10 - - - - N__ - 16
6 7 12 10 - - - - N__ - 14
6 8 9 10 - - - - N__ - 12
6 9 14 10 - - - - N__ - 18
6 10 14 10 - - - - N__ - 19
6 11 13 10 1 9 19 4 Y__ - 19
6 12 13 10 2 9 28 8 Y__ - 28
6 13 16 10 3 12 46 12 Y+__ 2 42
6 14 16 10 4 12 58 16 Y+__ 2 46
6 15 16 10 5 12 70 20 Y+__ 2 50
