1 40.13548238318689 38.907196226823615 52.79477433190441 152.87581405602182 260
2 41.695409280594916 40.958262194828436 53.354472307312946 155.82281007202698 236
3 44.952605577159794 40.791447742064776 54.62143851815038 154.98786399557474 235
4 42.33101189872384 39.130132219016026 53.616821321109974 156.71265526055026 239
5 41.310294130208774 39.104916897233416 52.28933770474597 155.06021543498989 234
6 40.42448925157337 37.85935125152204 51.534582375415184 155.05480239382433 242
7 40.08139558338814 37.513670030757375 51.86723923407945 157.69154076600202 249
8 41.05956030690549 39.9765746986809 53.44463534037408 156.470689603105 262
9 39.79970734954712 37.32293252992412 51.33638406485767 157.13647092660162 253
10 40.3003137580838 37.47112255193805 51.83296332660182 157.70407907678873 250
11 40.6144392790713 38.07506404749417 50.6162944407609 155.41449600313496 257
12 42.85038169344954 38.72886096187378 53.017779347316285 156.68173647284723 276
13 44.21460431463872 40.24016484332945 54.419654620370586 156.39591663061142 281
14 45.88771606581788 39.72533948868055 54.15165520477453 159.98700786591652 273
15 48.67267989769419 42.301661210640276 54.33081329816284 156.77141704981395 255
16 45.798136519319556 39.686638635489174 52.919476530277805 156.46579778954663 259
17 46.15356050137285 40.42676755091966 53.123503917571874 157.52461392900662 268
18 41.772151590710756 38.86567179904359 52.722321339844314 156.379435380035 259
19 39.876742685228756 37.97691909055852 52.1860926852153 156.9489566654717 254
20 39.758075334462625 37.58659633912172 52.05231955015146 153.74915685518857 260
21 39.98725151253135 36.72464004789392 50.70320393249214 157.4297011770508 268
22 39.515710157357574 38.50886630861445 52.60620912266923 157.50329130719055 274
23 39.44607612607014 37.569102966511096 52.50924068062026 156.984348096556 256
24 37.90044887477773 34.828286278869676 51.064482375597784 156.04667862007773 258
25 39.23076669834943 38.06176163258805 51.92878168147097 157.31380558047016 254
26 39.31112176698273 39.5667508508304 51.202707489790754 152.45602850267483 264
27 38.3591690476562 37.2478767185488 50.541666713981414 158.89093238908833 242
28 36.75586591146153 37.29476240201579 50.923944743663974 157.07052777954198 248
29 37.91290457986741 38.46933000289188 50.771545333503404 153.3132932553289 253
30 38.01394810892035 37.89614833049108 49.67856225866039 157.2260057049686 253
31 37.516710841177854 37.404837374831374 49.63106554708314 154.82300744540183 251
32 40.47897460582903 38.99157129841204 51.48600848407224 157.97752135282317 253
33 39.68138925696073 39.87817200323417 51.10945150475092 156.16625086093254 251
34 38.81844999231875 37.97178043818581 48.354806957235446 157.394038708971 240
35 39.24492180274387 38.74781970228417 50.39692720908901 156.2741735475644 248
36 40.975832257777235 38.73264142319031 50.24458711911611 157.4691085154709 266
37 39.93323856057398 39.26765711218443 51.46130143414976 158.11729455763805 253
38 38.563661896274915 37.809766794464295 51.89227925501184 160.2771121974729 252
39 38.87358070344944 39.346325648673385 51.50736186452061 158.8447218961475 249
40 39.483378596167974 37.231770271630005 51.24760361231714 160.44332696164912 255
41 38.57987931847053 38.358872602035014 51.19446549828255 156.33353482320666 253
42 38.2047696301749 39.33056977621614 50.832382034578515 157.64066789173708 238
43 38.938900824031684 39.329509159657995 51.80672972614261 156.32492197868507 243
44 38.18447946421374 38.63648599103323 50.44874738752307 155.52592612742473 255
45 35.66559511183093 38.73143109062399 51.147204652301745 154.7112533741465 255
46 36.54682640634099 39.31965303192999 51.121427971337695 155.30982954366573 258
47 38.10891700303573 37.71700472634967 50.97265151322728 156.82664100245782 259
48 36.14737391868444 38.573774440430874 50.4492949636747 156.25704654006043 250
49 35.78363963635226 38.846021974348254 50.86091284728175 155.75270187172814 246
50 35.77312375655539 36.7763419216547 50.43069504970189 157.84255147772222 248
51 36.27968006484899 38.1515820276235 51.29564488036892 154.67184300004828 259
52 35.60965715453115 37.52611501999418 50.688688206118556 155.30284993344233 253
53 35.241816686823846 36.88262831949509 51.09688935835068 154.01474761207837 255
54 36.97547109684342 37.99818330005011 51.01794480463521 155.39751634947183 257
55 35.11255109266493 36.483377454540154 49.265616244312156 153.92222973616944 251
56 34.394985657710244 36.87170060385237 50.31995943095523 155.93008463682727 230
57 34.04983396587542 36.441797049277696 49.88875723058249 157.2467648487185 239
58 35.32440723667431 37.182715880786446 49.8435262939438 155.8037651004044 239
59 35.132654939838474 36.398639291898036 49.76668712167654 156.7247001108968 245
60 34.445663842626054 37.4419857092031 50.06716022702631 156.26601246316375 242
61 35.736784634715974 37.79548066393063 50.13975682186693 155.3259682492623 249
62 34.068103812591296 34.71530474694352 47.99176476183553 159.1848854600673 235
63 34.09626495423841 38.2625582733495 50.671472519289395 154.61016264598302 244
64 33.415328330728485 37.11466743681054 49.71347106876536 154.74685097187228 241
65 34.8688463684497 36.62749765794674 48.56358476147162 154.82534694139719 229
66 34.190510495645505 35.93192620014762 47.694169310543195 155.66409381883136 227
67 34.65584987508767 35.87317701173189 49.02041249396199 153.85830077520495 245
68 35.37874764076543 36.42832715481231 48.45906551174754 154.3154332598819 247
69 33.892929222471956 35.62916721830977 48.145566903291595 157.65153579628128 248
70 34.15831863405151 36.98989027372818 49.50224036134437 152.94399516041437 262
71 34.20331882783545 35.64300798512194 49.65972798638157 155.9256932266373 257
72 35.36674880386243 37.86972032959527 50.076397989527486 156.54969592466819 264
73 34.15294785725357 37.659214985203036 49.80776499330575 154.59712922888644 249
74 34.53205362665816 36.42513042924965 48.5149093479852 157.00156236612122 250
75 32.89404272399592 35.64259934950617 47.5914845286505 153.93079051199962 246
76 33.033201727024434 35.804683241818154 48.42970738989277 155.9068443985277 242
77 32.77290962715813 36.16398532091792 47.793692405275586 155.54317866563784 245
78 33.17698508368387 37.08428887025302 49.8717206147107 154.90292712232744 256
79 34.29032447514077 38.669144803268495 50.85517897379261 154.79718748932896 236
80 34.47591968880712 36.65549907453971 48.70140959145263 154.51291555789157 244
81 32.3452400674288 37.72783867756517 48.18688267350187 154.80920097483744 249
82 32.810786912190466 36.72943621194937 48.433522016930716 157.67560522849752 250
83 33.04172803847113 38.17740946552656 48.73988356682226 154.92113581029534 234
84 32.65086729531017 37.04824058018783 49.861073626083424 155.1944158768314 259
85 32.622722563840384 35.89098273493663 47.395838450670176 155.2619907967213 228
86 32.91605959660205 37.415751402735424 48.48691362732256 154.94575056202208 257
87 32.36464889368923 34.7877643275919 46.69545361398807 156.2158981424242 251
88 32.96447740573697 35.635573635127294 47.230843924314165 153.99974868452398 257
89 33.934433444467224 36.33623960520101 47.712630688139384 157.40298165658322 243
90 34.60639827951728 36.61959959777447 49.1676619701685 154.86450002036605 232
91 33.67293768343468 34.780682240951926 48.78317864943206 156.68370145888343 221
92 33.7601559090846 35.753536637162256 48.15300370788951 155.86862851879812 235
93 33.32538070143613 35.38842091171373 47.200730213593374 154.23317974976416 245
94 35.302530859302415 36.6347905853463 48.233992802800095 156.66417576315197 227
95 33.36141838175168 35.368343698445294 46.71257426400002 154.16951748828285 219
96 33.36091211274634 35.955020081373284 47.59223243791009 155.49093683540784 238
97 33.334067925852686 35.787275196092466 48.245498849070856 155.85286982439297 234
98 33.60122114806922 35.06324291584184 49.168192903534674 156.702274492709 244
99 33.35799752153587 36.08341906872694 48.265923610441334 155.57426223071386 244
100 32.98759245738153 36.16885498365583 49.21856480522667 154.9198710510991 230
101 32.86398356199687 35.57383313135949 47.784267746531434 154.11452950400133 243
102 32.84025093561633 37.384597655661096 48.90467341211907 154.98731066641503 250
103 33.39827741567119 37.207971142290525 48.75071501902243 152.769582455097 251
104 32.886534745112456 37.43079424048626 49.4187020056678 155.26074579542964 248
105 33.08000469670618 36.79049404264642 50.253587751582046 155.69049641318213 259
106 32.818221950060995 37.07214704773838 49.826580627064615 156.97692445755428 264
107 33.110997397465255 37.121516155142764 49.41357726135101 154.64420287434575 251
108 32.79299972557224 38.82715859108189 49.77831027076318 154.50472814748733 270
109 31.745006555328548 35.572517815003444 48.006558343428964 156.2655767460268 270
110 32.67623424054165 35.204340494459984 47.79296463493431 156.3402318010382 258
111 33.042431289483275 37.303927645758044 48.74090808538809 156.96098270854392 245
112 32.7016257460488 35.602339177218646 47.7822688805467 154.97129206096926 241
113 31.923895559649026 36.51009285176805 47.45586343201962 157.16608700598684 246
114 32.223182267991554 35.918645782803075 47.24658026913478 157.5760523208101 242
115 32.96336056001535 37.40723595004258 48.84595708202124 157.94092263281263 231
116 32.37796468450872 36.53510149271969 48.4031327847656 159.10031038663692 235
117 32.589960979089945 37.195206958847365 49.04594423706383 157.53351636155605 222
118 32.340705589218985 37.14686031142828 49.12729122285692 158.20764733509617 213
119 32.555232820642566 36.76038118852094 47.93187928996211 157.9066992245813 223
120 31.834520737329292 37.15700217704078 47.646618281361185 157.22007300797983 228
121 31.589083603272503 35.55285170284754 46.883038198108466 155.9183695503193 209
122 32.18255738455512 38.20225193309399 48.63675347071806 156.41004880587553 211
123 32.31383492243391 35.74083768681977 47.314776182659955 159.7023195229006 211
124 32.03165974784965 35.70582648323028 47.244944644246466 158.33730802341114 226
125 32.81029167020044 36.7109394749282 48.07477519025047 157.87845656321963 213
126 31.296059729082963 34.86847974409493 47.41936934807509 160.71814441299412 203
127 32.76495859789002 36.06550568221001 47.80112218564305 158.09734795330965 214
128 32.414979896372856 37.05799354872924 47.68075193287887 157.56805485943974 217
129 31.86153554006095 34.62127081107175 47.27089517047954 156.67997304612052 239
130 32.849517873232315 36.24024920387108 47.820528265066756 158.59678462452453 223
131 33.14597186941723 35.32385185859069 47.09839951072737 157.03714458272475 226
132 32.24921282955035 34.66447537426699 46.73265326160772 156.12954638217957 218
133 32.4988513026864 36.83189677805873 48.50403033944756 159.3541062527699 225
134 32.720635374352725 37.65635605715055 49.02721686125678 158.17207135756107 229
135 32.75838063287779 36.89047388221157 47.46165836894319 155.6496863222749 219
136 32.49009180198172 36.27656778704093 48.04696637666723 158.40835824718695 226
137 32.78404068498169 34.897461053824635 48.03384497052045 157.17228668051757 222
138 32.39054791622373 35.87159975816035 48.42704853559085 157.05796195582244 245
139 32.132079830087164 34.937537475531215 47.30969062164513 157.90798376440023 233
140 32.56288698797652 36.80504264902428 48.72826118129629 160.77845389671413 238
141 32.49258565218032 33.80387224375941 46.26900390878224 160.2095179584156 237
142 32.02083180074706 33.983059195390595 45.70107678982838 158.65098491099235 235
143 31.934161817158124 35.42536178336836 47.986250934657264 158.8983524940888 232
144 32.132923556169 36.16242847854661 48.12571110662455 160.1890524341381 236
145 32.51355271492752 35.12466092333731 48.19135844419232 159.0241760915669 230
146 32.314276737709136 35.63790066011384 46.6305354996177 157.93706740532338 231
147 32.187288352222645 35.24939567436033 46.89435750892317 157.67624820290632 226
148 32.7601588339417 35.69331899355293 46.85423939971731 157.8065624646975 215
149 32.60701789619463 34.5778894509356 47.825534268173904 157.75193179598546 210
150 32.84970563805689 36.50027531586002 47.35118296512363 160.81037329274272 219
151 32.646809597060106 35.340545705646704 45.689416383817715 158.40732662215214 215
152 32.14092185040334 35.091379189847544 48.15471498184375 158.68932017838947 222
153 32.72011851769445 36.30122215128608 48.675727586842164 159.24085018913323 224
154 31.601998828364056 33.3350586778665 45.39482116396613 157.33323493937115 206
155 32.41814700479682 34.26632552282984 46.372103223226496 159.06927840401752 209
156 32.728944436735866 35.13901445369765 48.578229717982225 156.96036798307173 229
157 31.97945449896246 37.54273622249905 49.20551483793312 161.19232756141668 223
158 32.52432646604503 36.992812518879305 49.2557511520072 158.73555835208242 226
159 33.399425021767726 36.68661421613868 48.76944190984852 158.52858733105495 225
160 33.2366847482737 37.78700063237741 49.37918391890718 156.50986971483601 231
161 33.45117491973621 36.678354921747804 49.25988770591142 158.17258287411696 234
162 32.83393532873627 36.022624653808755 48.542529936020685 156.33251423444545 240
163 32.816163610079904 36.583703595042024 48.01925570457872 158.81297401954347 231
164 32.4710648289095 35.47345149842945 48.33729547769962 158.29504748354228 219
165 32.73448877174076 35.689559945460786 48.02729440348237 159.2894169436434 238
166 32.68446707123008 35.801301997254704 49.205425351984374 156.6273300039778 218
167 32.55177423368106 37.875848572260296 49.85891731107411 158.75117444629083 225
168 33.280771079275 37.340810768282125 49.759130363624706 158.3258647089812 229
169 32.8481834416283 37.73929710522647 48.472136642156514 157.35278158302702 225
170 32.3308383316535 37.91070262969475 48.81197906475037 158.4040504199711 221
171 32.94473414583125 37.46193099402747 49.46760659717407 157.69625381842417 215
172 32.89362038178774 36.1805213964481 48.495967595351765 159.78349079730515 225
173 32.60867531218398 36.1471979820469 49.712528161726 160.37283516709692 225
174 32.22767411043584 36.61654692325749 50.006393819855084 158.88488271189857 228
175 33.19241892274043 37.08440853075621 49.50903618722372 160.10853435187752 226
176 33.37139587091616 35.858798736289785 49.84039214282494 159.59719275231876 220
177 32.676820053720526 37.120823302623904 49.08476503996531 158.7893970640223 224
178 32.63940629973842 35.885060076173396 48.23124855789737 157.48540600845206 226
179 32.727084026522014 35.32938651220497 48.27174515439444 160.89349686401678 214
180 32.209809429594536 35.30718640939318 47.59299123422593 159.39336975134916 216
181 32.24800464191271 36.016345944069066 47.30285205301983 157.09834079902092 224
182 31.671373268309157 33.3730491893072 47.043864304563684 159.85491790354953 214
183 32.43540063123135 33.548422595253065 47.12536787034284 161.58299109134003 220
184 32.32812116447477 36.06144832138329 48.895957400120075 159.4368032569967 225
185 32.43024998728929 35.35465792957898 47.4748580305226 161.2241245374316 233
186 32.90323846781801 36.57045245376933 48.73455874624592 160.0808333006137 231
187 32.70911526125094 36.15797790746661 48.48367709894798 158.95456934354436 220
188 33.35903099161937 36.09184017843282 48.98186526020208 160.6044277357857 211
189 32.27041161267849 34.83594655784872 48.32309819533022 158.31313828961459 236
190 33.08308810661765 36.730248429190176 48.95119084524692 157.81440983767618 226
191 32.438897677698115 35.76139776070642 48.29232798835606 159.1519450248151 223
192 32.33015804757265 35.86887129504853 48.26430023235302 159.5904836143005 231
193 32.60056069462687 36.12768438735175 49.09648639604954 163.111553340935 228
194 32.99379582901848 37.353408681973185 49.376714088860005 159.50982942558764 228
195 33.67495259734494 36.45516800235915 49.498289382602856 157.80205736113425 242
196 33.08364474058019 36.24518090657449 50.17681626053269 161.08495238866493 222
197 33.367167058939266 37.845918735123455 49.04845024802339 160.51123225637642 221
198 31.625023423781595 35.453857665319845 48.65426755623368 161.88569802597453 218
199 32.09927770817454 34.49746141505708 48.508424476482965 161.4439135812039 229
200 32.258604647020036 34.48434016543091 47.790078200886555 160.24385861044857 234
201 32.26366106989758 35.35546665641443 47.65652844786806 159.52304684682386 235
202 32.31723696149575 34.398126495576214 47.4496112236108 155.9278266425158 231
203 32.47607478572462 35.05531999982872 47.306078069851104 159.83598279024437 228
204 31.47412307015849 34.32117880047748 47.89343019492029 159.45267855978764 241
205 32.308620043485526 36.01629395824531 48.501115332460195 159.2928321634731 235
206 31.445490861908365 35.47249947126429 49.01741598032855 159.2287504989127 229
207 31.10483724042648 36.34660280630042 50.075305195998716 160.58696543744588 237
208 31.55322702474946 36.18057111801834 47.887255091404214 160.77048425953308 223
209 37.421294676402795 38.89768025842585 51.86530362499086 150.30036463318163 276
210 37.39974951613714 38.58041768140049 50.86815225365299 151.99805180879343 251
211 37.050076622937645 39.97613535209503 51.23119859935285 155.08358872120286 267
212 38.17778996420476 39.32041016454022 50.80555281607513 152.70145750297206 268
213 38.27207437533492 40.52942760522632 50.99965707425335 154.02415852880858 276
214 37.56960062631259 40.62211599781966 51.738077471964246 151.41480085657363 288
215 38.00801440306619 38.19055676929744 50.67665676425624 151.23917531437502 286
216 39.46611088657334 39.929289312429525 50.83797261905408 150.50205840716987 274
217 36.26293990281969 37.01222464598604 49.807149878730776 152.75529314395047 248
218 37.63924014649339 39.08106213111162 49.62385532394856 154.09738719107585 260
219 38.17479499526482 38.752951374585294 49.50880563244749 155.39734672946005 255
220 37.80544978871775 38.74738443713293 51.50199464544835 153.45191505129029 257
221 37.75534114251908 40.59777508529828 51.6092844022029 153.64351203660902 256
222 38.91646214686236 39.42887610872797 50.84600006881716 153.26288983353822 260
223 39.291352756732635 40.372791461800674 50.21156976983923 154.34977871402964 237
224 39.9307665937734 40.51128560516167 52.44319014165165 155.08604659147676 268
225 39.728860225776884 40.379002909606434 52.81318562292628 153.60086326887068 251
226 42.138193434854024 40.845750930723504 53.67033464054012 155.80419187964145 261
227 41.231490652745364 40.27355241848993 53.68362682386289 156.3029291739361 255
228 39.348183517531325 40.48380416286437 52.557290455896904 155.63094993579082 280
229 39.86244566713078 39.977806304792985 51.616309255114786 154.6445598626794 262
230 38.214781472856686 37.921587795644285 50.840132304055494 153.59549752621544 251
231 39.34924410691937 40.370373334945995 52.39940168925903 155.4792231526062 279
232 39.325151219141894 39.22912642959109 52.057193563239984 155.67105264529533 279
233 39.59378253971233 38.32768620682904 51.19814696398043 154.86057399382923 282
234 40.43490071288309 38.88357685830434 52.73646501996036 155.39886906303204 264
235 40.78697273301022 39.452438772901246 52.3984068247174 155.67343949215626 284
236 39.52654284888714 38.2962357244561 49.56755617001342 153.1127057085614 281
237 39.52989352261914 38.69329648928762 51.10772002780711 152.79633478276367 277
238 39.19326004062495 37.954312008464626 49.97556376674173 152.63663185643887 289
239 40.319188494606365 39.91741330867707 50.28845491520746 155.42093389078767 263
240 39.81035867617515 38.58348109922628 50.58816745714899 155.0371406656388 287
241 37.101146434552255 37.00655181316757 49.35641985214343 155.22383567704867 267
242 38.228372265687895 37.86256767715018 49.25725107852979 153.62071230251942 266
243 36.737845122971265 36.747579202001994 49.91619253943887 154.7321174431241 279
244 38.51794382477 38.529722852872624 50.05832338602682 155.9733437209822 292
245 37.680779449005875 38.54049715008203 49.41924254784619 154.32445472734906 275
246 36.61126569026097 38.2610167277978 49.518435158018 153.08396220113366 290
247 37.35778100228369 38.05788518502811 49.04808908110895 157.37386271470473 283
248 36.754361617816855 38.98933960219608 49.92476794553928 151.66616070432204 277
249 36.693916914512464 37.20529118190862 48.206226766720675 153.14331370381294 257
250 37.1648076524747 39.70873112504006 52.020528756718214 152.83766962492527 282
251 39.79770989038522 40.498469120374985 51.29704713001334 155.09116858678382 285
252 40.01642457404529 40.42201623150588 50.63033222642296 155.5027771940741 286
253 39.347669841748385 39.81009896014688 51.246223330121694 153.43798992212916 299
254 39.73230944202373 40.58232841709327 51.272635819279955 153.91390565126343 281
255 39.5589004686854 39.10527962722719 51.6012408961951 153.04769480529274 265
256 39.34560526940749 39.93866206515632 51.10753684699851 156.3695158509642 250
257 40.650183135741884 39.89200760214246 52.27198394352149 157.60443242206094 259
258 41.14385426941372 41.050085869764324 53.13761333731712 156.18843784496187 257
259 41.00568125316896 39.81143778850367 52.03374787531848 158.66081983922678 255
260 42.74496667371049 41.34367107286571 52.314456326253584 155.39313072069797 251
261 42.97090090578322 40.76646782022368 52.13319220825924 153.5537845834809 269
262 40.20253583840783 38.67386657810034 50.98490273423194 155.53729094107948 264
263 39.08308886494016 39.34582465629046 52.104325407540706 155.2316211627784 280
264 39.56635095167028 39.509496209414074 51.14836288457538 154.7001000750595 280
265 39.72718874170471 39.023509751635814 51.640809224667834 155.37658383430482 281
266 38.414287593422195 38.131193937938185 51.483942041351426 154.1736734977688 265
267 40.64923391198276 40.87467546965439 52.67240159174521 153.8528077460685 286
268 38.616020487008896 39.09244790796667 52.26557561853855 154.84943361764564 283
269 40.046563281342166 38.55904434066712 51.67453932260993 152.32018917563772 281
270 40.91790302060335 39.68805726625434 52.69110555844482 152.41162093040856 287
271 39.61525806478934 38.83918103008947 53.73204054660602 152.04745842600272 275
272 40.07693882791609 38.58970883869854 52.61035089106022 153.66842869193903 278
273 38.561079018198186 38.608821153354874 53.65555862269594 153.48412545722888 284
274 40.73063163162889 39.98248322792677 54.04656926491384 153.90719802211282 283
275 40.88269084310283 40.16203442994201 54.98446404710325 154.05745997409997 280
276 38.731478674476215 38.727681292361105 51.47563179342478 153.18509814396697 297
277 37.36460482761854 36.69957925258992 51.08780774700928 153.93335607592462 290
278 37.31967365886594 37.60968586796329 51.9542963017341 151.40604691364024 281
279 39.26567962143779 39.345803674359466 52.779518786933096 153.7130352294514 291
280 39.444246601353605 37.819136401396776 51.861307364989685 152.49861427254757 293
281 38.482629424382075 36.763537100071666 50.48611326990117 152.5470416954486 273
282 38.57761032141302 38.419942701082306 52.033205671714555 154.0793662913386 299
283 40.040096570519154 39.994777341990094 52.73698689908503 154.79904413238177 306
284 38.985456137756245 39.86070730495051 53.64479039968747 153.33109946966985 304
285 38.7335107341793 38.845070478161745 52.5818427698197 153.43665878423977 301
286 39.09824744167432 38.2607784530517 51.08341504058295 153.79395212283984 270
287 40.61806139250345 38.97043805873035 52.6909675968593 154.64390520583356 274
288 38.56450171746468 37.91519036353413 50.67769436055994 154.4760936868792 268
289 38.71464584081247 38.23834599755775 52.31059649041966 153.4459878472272 285
290 38.76691597045796 37.85346820492172 50.46504339657401 153.8778770806915 307
291 39.12322880453415 38.75753634309814 51.78836858850847 154.06825843036 293
292 39.887800678351134 39.74136452868876 52.46193976934528 156.28923846684697 297
293 39.08670243710504 38.66480633112511 50.94773845616389 155.11867320006505 289
294 38.71871599420414 39.38682987978415 52.52318225778276 152.77754576342545 311
295 39.140428428981174 38.72913657347638 52.340280953638064 155.70758974253752 284
296 39.355552450637546 41.219387756645624 54.08875483653197 154.30185852944328 318
297 41.13772430631866 40.81483386125225 54.19702485655124 154.53746667555504 299
298 39.364913030369294 39.12551905097403 52.24088988775378 154.5696873729571 298
299 40.19400250079501 39.30027003046904 51.2039712288825 153.38433436419947 284
300 40.41621422013344 40.081231668441106 53.671044147975536 154.93566716213195 293
301 42.411396606396465 41.12003514994478 53.64005978725908 151.96283958255083 277
302 41.01354026924412 40.831266247818625 52.89657028271035 156.53399001424248 294
303 41.75425581800808 40.02693664626927 53.139150024983635 153.0181932123636 291
304 39.29181895802511 37.46042465823671 50.9759791410419 156.4429498633538 260
305 40.045180785493926 39.735795128568974 51.246617830499595 154.49539158381722 271
306 39.696807103415715 37.689513780568355 50.7561422988166 153.38959364593003 272
307 39.33719828839888 38.29399636486962 51.52414692248901 156.24871545214387 284
308 41.17292342735265 40.33444413639183 52.84599757910747 158.7245950543167 273
309 38.95285492531727 38.10745985163514 52.26616454403797 153.7288701358742 263
310 38.226844238764876 38.43063997943839 51.580131991900124 154.6586370907417 285
311 39.21503468768259 39.75622424544482 52.33000369856415 155.35498454980953 273
312 38.53751978684707 39.6012081661997 52.65431327234999 156.45541792968098 292
313 38.689484100949386 39.21216837040494 52.01474609773637 153.3133647812532 302
314 38.39014049547092 41.3467994257143 52.877261263879184 151.03214155132537 289
315 39.13697102080946 40.008676368783256 52.26532170844488 152.50885005485816 287
316 39.358352225018635 39.76141929996294 52.16055655022809 155.69260862333232 260
317 37.75293272651728 37.193419008525844 51.540921851972264 154.44155931064378 257
318 37.130015550455965 37.688853241360334 51.19393874076868 154.31766920706468 264
319 36.33817933613135 35.993396910030974 50.037699204499226 154.6949493479214 249
320 38.060006125756026 36.237683462067096 50.5579938618734 153.98695352297122 256
321 35.56560111254204 36.57529756923415 51.53016897652614 156.4464556494512 258
322 35.21365070492941 37.64568482910676 50.93181667201963 157.0913498951129 260
323 36.016808207301175 39.04674925577305 51.00724229286621 156.61351557196375 270
324 36.535703923664016 36.68286236134322 51.47096068846063 154.45227900024318 266
325 35.73381139158582 35.93818184170038 50.41017763689722 152.1437965639288 265
326 37.28905341501792 36.80659925581067 51.20596134604545 154.1146875470563 259
327 37.22066224879302 36.64561994454898 51.49268669870834 156.59779344305113 263
328 35.74927871007901 36.18520368244948 51.076737009822146 155.68066471653603 280
329 34.53585893834067 36.535896874115316 49.411971945269826 154.1425888790311 271
330 33.291923685479745 36.60161068004054 49.933794140680824 152.4291043965806 257
331 33.76906427378341 35.59308050048667 50.38266993813033 156.9204180431953 246
332 34.28162002429349 36.43481862802783 50.775369979415935 152.75856892495332 245
333 35.084753125283086 34.42576598300073 49.468027486933856 154.61867592575953 257
334 35.46284197209303 36.98006921605549 50.67455020020657 156.05259598467723 259
335 35.30697786971025 36.46959892699482 50.57632963531502 154.2280726545376 266
336 35.41374207164174 36.62496558632231 51.51761239630186 157.05417835997096 274
337 34.091809293822394 36.19784585877284 49.53113919478638 152.71731014009484 265
338 36.54001958696439 38.02873324988328 51.202774878474735 156.5224773883556 266
339 35.88412988587401 36.39472637381674 51.15645470163424 154.84952751803195 258
340 38.05745523355797 36.682513836406805 50.948690164922986 157.81331001203085 256
341 37.45712276065008 35.343838564860675 50.964320102250866 154.5123943371812 244
342 38.89131818034916 37.62463165860164 53.02513566060204 156.01335383877327 245
343 37.43403994915999 36.14736991170946 49.102365962579256 155.25604641280344 256
344 37.927648532720035 36.716288071505645 50.70730444900041 154.9553608804412 255
345 38.52434395478981 37.040879871256166 49.91086660951651 154.5646713663277 274
346 37.899808795239295 37.63361378485357 50.966903040070974 156.02880835863903 274
347 38.36852860331499 37.6564274004237 51.29984078319556 158.621046080018 271
348 36.816059986209886 35.8205815549026 49.41483877147851 156.81997833183212 275
349 37.23577077725067 34.773981855502825 49.071330995315634 157.2698928654703 274
350 37.387379449681866 36.28638348452764 48.824174806779155 155.06224100303513 253
351 37.866364835955345 36.97343059041478 50.006473496366944 157.31056836855694 250
352 37.80352717492617 36.88456046199395 48.89657943643761 158.43672514024942 261
353 36.56826431423664 34.48791329849205 48.51275163577912 156.31007869485734 268
354 36.58364086221657 35.44574070677901 49.253769386724855 155.15084329056845 230
355 37.28865166490926 37.131639311779075 49.48735369243495 156.91410050015423 243
356 35.652640662213855 37.24612370132433 50.31434189459316 156.62834787255406 265
357 36.05021767263806 36.70619548006821 50.571823828967254 155.15693997894985 251
358 35.23268490541063 33.91414113076458 49.414602592006176 153.2955404565998 267
359 35.6689073559167 34.83480390128299 49.5596106875847 153.6637913750202 248
360 36.0860994601528 36.37053475114536 50.630980862100394 157.09697003479664 251
361 39.05356179993361 37.80163532327268 51.367352100255836 156.8975188162735 249
362 38.084848358563946 36.20455277170018 50.70709788688124 157.43163595595286 247
363 35.78903216701054 35.40545009992266 49.42952227303968 155.9111340978513 264
364 36.61906840124994 34.827670518020646 49.67777158132247 153.5303397323708 269
365 37.80941679929845 36.84616289236635 51.48268710823055 155.3015969634281 266
366 39.67583326432848 37.78369392125519 52.52221124543505 155.57099079610185 274
367 39.433860893405395 35.943411167283955 51.376595551977054 155.42119550403737 296
368 40.46813438614016 37.81830820357405 52.05074184272529 157.69119893587268 272
369 39.562532889648665 35.95222780526076 50.42176208060825 155.95547267797645 262
370 37.71210681970454 34.61899491780965 50.10037826345005 153.97057936861515 268
371 38.89974463327215 37.188031394920124 50.70315393045583 155.082953280355 254
372 38.330777827517956 36.012688839978146 50.198381280870265 159.45509246699842 253
373 40.902726367390876 37.82055012990946 50.69960142518453 157.118771710465 247
374 38.98805256451973 35.39411733919003 49.39810403505733 156.8184812912361 261
375 38.812169135389034 35.933569666494805 50.11838539705034 155.1161650931729 258
376 37.60731614786545 34.090633843424435 48.883437494604244 155.7672005147884 243
377 37.77528418812464 34.24939751591214 49.46075001878528 157.73582809048082 254
378 37.78302731864385 36.92434529717123 49.72126987048941 154.65083907261453 267
379 38.14163972669178 35.61270876879804 50.47531159021299 155.37913528674744 250
380 38.15089629048853 36.6516328983046 50.82769507560135 155.92741757557314 230
381 37.37942607480812 34.975797831721096 49.28557312141109 155.21029401236527 235
382 37.63004741206315 35.372007323073 49.21702887970063 158.41442122331492 230
383 37.98799716409194 34.195311300716405 48.56814324452856 156.7357559890136 233
384 38.40182931866292 35.0906305343911 49.07756472311763 156.43063218962584 230
385 38.76969438643825 37.01644129066156 50.744938868149006 156.575657782589 247
386 39.78867850524565 35.52035386449304 48.86575806900741 153.66288878220462 240
387 39.24164146045695 34.97425814039071 50.836154519847376 156.15922384771127 243
388 39.348749331853035 37.0737396295255 50.691529009412704 152.56710417156387 243
389 41.13368926274245 38.17826491685933 52.634701826609266 156.29904080797616 261
390 39.05335995202536 36.45100291075327 50.02465382173887 156.50389402434664 256
391 39.103615092546455 36.46999947654157 51.018298700355636 157.72731760120092 264
392 39.00648677753437 36.15407649301036 50.66030728843761 155.35795610085685 227
393 39.29598313493519 36.6009081133121 50.702401326083105 154.0622601826425 252
394 39.392770219950044 37.99528087511199 50.831096619894375 156.8560683441094 265
395 37.225696045319566 36.3937624427571 49.56465214720093 157.2737784824924 258
396 38.36058871757152 36.48506079777651 51.91790932372796 157.22057399563906 262
397 36.85952712949387 35.999416620162506 50.150401776961274 155.97941217776216 259
398 38.021592844037336 36.16493629717979 49.93628559786963 155.65725898869655 258
399 35.721792462701366 35.08765495772013 47.728596488786586 154.04506011824537 257
400 36.50489159039913 36.62442979860165 49.918565275158805 155.63535327481395 278
401 38.008810569913635 35.85905654795894 49.66873942804186 154.35799671365115 258
402 37.756607330216745 36.70162745229533 50.36161898421506 154.75136319168385 278
403 39.237998201317765 38.511812415167945 50.792352831620555 154.96768517176042 255
404 37.94038871263446 36.37331110600472 50.64660464378792 154.3305515889166 258
405 37.31728344478515 36.029702055041426 48.98510516709665 151.56294252272212 249
406 37.94426435997638 38.35270390687844 51.84548818575847 154.7609297751551 255
407 39.145217872096545 38.69735528735568 51.37808648779049 153.6437386542572 281
408 37.80989646879495 38.28787912149923 50.425239771222955 152.9471142970433 281
409 39.084747675584175 37.272793298935916 49.231938751835266 153.34023474987293 286
410 38.677069816415965 37.29549195436124 50.823043587725344 153.65699759030127 286
411 39.16955849708504 40.03483392833459 51.793859504790504 153.5732677239995 301
412 37.39263176650618 36.92299032040829 50.074105475401986 154.40148531129134 288
413 38.330731803409535 37.74774604662945 51.130287386896065 153.12031065431913 275
414 38.046038750886396 37.911405118772734 49.652354899554304 155.10675963721204 283
415 36.618122080396724 34.76760263324201 49.02158070053048 153.78202063019583 261
416 38.233159255963685 38.53361573052848 51.062402679221 154.0042624735514 292
417 37.98534223112549 38.20517943995678 51.54304745404256 154.5831095847203 298
418 38.09580847604644 38.22911558860585 52.04532405762432 154.57254330141816 285
419 38.856057091636906 38.99203670543867 52.847011835184524 157.22575495836244 279
420 37.04156970610199 36.91160610973347 50.0493937425925 154.6767846433468 268
421 38.48962824780569 38.573758940665 51.75101769783459 155.81544354172465 273
422 38.47794332070898 37.71266726370071 51.995731154898365 151.44361253075743 292
423 37.54004264939391 39.06272353365355 51.08946567809017 151.6026157726766 296
424 37.53413544217431 35.865580207487234 49.716988464988674 154.2072686247719 293
425 37.44082677277006 37.371201238038964 50.21372074525481 155.09506532598908 280
426 37.989526091555206 36.75119018289033 50.11440949454137 154.79833024895822 284
427 38.358918040690526 38.091464881811596 51.48924928333188 157.3568029389986 266
428 37.687847730081536 35.83941300445112 49.786217952053114 156.4749351016995 294
429 37.65732106002223 37.07820696365147 50.409237445610636 156.92250506416323 288
430 38.05029293575967 36.52894665662066 50.944807308381485 155.3374085991339 282
431 39.1836695801901 39.338624120204294 51.7435598660593 157.24310519197178 275
432 39.26895614483381 38.284972966281906 51.36888033017213 157.1264469923196 272
433 41.78364682488433 41.6777793311652 53.661209050981114 151.51928988382411 281
434 39.14173039885501 38.233230374691985 51.64903833110977 155.71286564735902 264
435 38.89817461242045 39.053625390883454 52.19937617120378 153.59720309593803 268
436 39.3111297169071 38.16703835339113 53.6206520396702 153.94543043094137 255
437 39.23955453621817 38.366652218029365 52.95311462348736 154.34879484655806 244
438 38.78417652496012 36.93126085114524 51.52246626747197 150.69699685789573 263
439 38.607761200724646 37.59230240060593 52.7217041255974 151.89394545254376 272
440 41.03635895925947 39.10473080142174 53.47658295881001 152.46820631875636 247
441 40.18611721897256 37.95378576864428 50.723276658642746 152.301037025293 254
442 41.95742352909178 39.02624430198552 51.54806415222855 154.22638065717564 244
443 41.544013754462505 41.355843815834646 53.39701136411977 153.28988276155945 262
444 43.57409817285606 43.57005764126834 56.52960737948721 153.12171351921168 285
445 42.382864623409176 41.108145739583755 53.252586430111954 153.8238460838153 277
446 38.84469332380728 39.824177596094415 52.41244330194655 152.46308674859196 265
447 38.670694995492155 39.83312396221961 52.536161830351865 154.6126240494048 258
448 40.74260032589055 42.329082984006625 54.47806550477985 153.31434646136069 268
449 38.417658305520554 42.00698619137555 53.48794013115864 152.41930261796074 296
450 38.90395484565122 39.77264268978361 53.0256166381219 155.25860834263258 272
451 38.14670308430159 41.34832038017409 52.69002864811981 153.6031071571554 278
452 37.673680740376 39.073393620443596 52.11898329973907 151.58999571226587 277
453 37.565084538306124 38.31546362621457 51.350931189368985 153.23209892776677 261
454 36.2209732345423 36.40742059618219 49.23508305095298 152.46603713428095 246
455 35.86787691385525 35.07565488598869 49.953824130686876 153.505060187619 255
456 36.11059446635537 36.26596252924071 49.46187513518529 152.71452026184068 264
457 35.928076113663174 36.091523589235024 49.6644582552584 151.39603094770806 255
458 36.37768296388367 36.41375649887621 48.88123222977394 153.72671197707888 260
459 36.96198196772307 36.48412587778162 50.34554211549001 155.34175281439218 249
460 35.91622588659349 34.4870587361337 51.085200244747355 153.31035299964424 244
461 36.03459795550912 34.26419357771486 50.605874115324255 155.48375755183602 232
462 37.52761572066394 35.16023777142065 49.4997531678922 152.9214208747992 238
463 38.76921837750002 36.673994889900115 50.06863470041904 155.15818612509494 239
464 39.39324809767748 39.17305524845803 51.83811023636277 155.01805849063985 261
465 39.40398319959178 37.176671794486985 49.920662274042975 152.54663751025387 255
466 38.263106645662866 36.41820620398953 50.08970907038235 152.98965616917184 271
467 38.254476387341555 36.5625305766491 49.38999694682995 155.67139774760648 262
468 38.376529984523614 35.41865036798245 48.45798363200257 154.31080111180947 232
469 37.25100943247139 35.01646968462956 48.54230894095103 152.10593898933521 237
470 40.67716380608868 37.79571643519046 49.35067088979009 154.3685427573032 247
471 40.4868352146622 39.37659739687215 51.90532978029826 154.27537319982653 253
472 40.134704755981716 38.570505078046295 52.360944766294644 156.9949365010698 247
473 39.9575083646062 39.88047439835079 51.13171896622551 154.2628026490477 250
474 37.99196967554754 37.46418286820807 51.41011046187857 158.0051388888366 224
475 39.92074316837968 39.3438543185625 51.461472671336885 153.72326641572872 241
476 38.295438293708045 38.35211040885702 50.38025106202697 155.94702846413907 239
477 39.08542220667976 39.8485082996412 51.75119446054148 157.75013259774335 232
478 39.57876766230783 38.592618969731156 51.751138971266876 152.69226050118598 264
479 40.00111025739105 37.976459236728125 49.85173091287358 157.43480020743812 240
480 41.16087930843453 38.992152854268674 51.15844959642569 158.244660328447 264
481 40.423279579079015 38.0028170929037 51.86112830759901 155.92397287374672 259
482 39.64219510804659 37.72617024110585 51.13691423751342 155.68885829556123 266
483 39.43683433333128 37.48874371003379 51.0650535534828 156.65928140285058 260
484 41.06214314796138 40.54208405930434 53.47158840449348 154.24444771787353 278
485 40.989288349103035 39.51720875197225 52.1414097307492 152.92131415192108 287
486 41.47673260007455 39.89861174863394 51.994862367281854 152.5631487420378 289
487 42.371025177589445 39.4594891635892 51.94250472559832 151.61982004065564 268
488 40.97758837546283 39.63234274273981 51.720001895736544 153.07231520387612 265
489 41.89099241991783 37.811405140207235 50.81088579985707 153.81543031474257 270
490 42.34475008673952 39.82229681225378 51.25678844450738 152.54790896340165 267
491 41.22535377383958 39.72377120769064 50.93071023719479 154.71835254981116 255
492 41.65790000852201 39.79231704929118 50.97925077811688 154.16971224965167 256
493 41.427476979359184 39.67124906029444 51.24355177969549 155.99471626994378 258
494 43.069851644441215 42.59790757566734 53.113205458114784 155.86824022509833 255
495 41.11819016957003 41.22541979047688 52.11407126910575 155.890067990101 253
496 42.9925220530014 42.114747790565524 52.42415053872426 154.25847851931783 242
497 41.8714914543399 41.57186120731355 52.55445836188058 153.07100134976207 258
498 41.97912251533918 40.47553850929398 51.05044277347835 155.52987397484884 261
499 42.79557447367839 41.371804869755145 51.6094668089007 152.88356028327354 289
500 43.503601375317565 41.91396643172978 52.99979698159474 155.5758126792943 274
501 42.52518730999271 40.61808306596614 50.8818230168489 153.5185625102088 270
502 42.50839639379449 40.75074250401408 52.08541296567018 155.85994726713673 259
503 41.38933040796764 40.34430980040236 52.796265378198754 152.8893362094869 271
504 42.6468473077807 40.29085458245758 52.50058028251262 156.4259280299052 240
505 42.17030329541729 39.140799516473336 51.8769764723266 154.56623467959523 247
506 41.74920611816269 39.139781665645785 51.303869766769324 155.0592045139432 249
507 41.304694675911165 41.022710602748106 52.108597305285926 155.60519313158352 244
508 41.27097123934036 40.25786069913148 51.278042267202686 155.45442495971142 233
509 41.56191548153893 37.81007836162842 50.59935411224402 153.64087560766035 241
510 42.52957993411658 42.27676642522546 52.994550384871324 154.5823787258752 253
511 44.352196645665295 42.68835630298689 52.66002061089621 156.3418481747306 240
512 42.4886365922228 39.955153032380075 50.74979386682789 154.23682250055086 249
513 43.466309742821146 41.19191462711115 51.150328905721146 155.00806209504802 248
514 42.811688004151904 40.33239590702385 51.826172381566494 152.53147090711073 262
515 41.04219277102214 38.583453808339534 50.983766426986676 153.78561544448738 228
516 42.1020043849441 39.871212218804075 52.54516048517429 153.0785735137219 244
517 40.08114663388078 39.21001660493401 49.719755310202196 152.4086820247432 250
518 42.19447410305777 39.71091246491009 53.147626390462 156.38577797196737 253
519 43.49383458779527 42.49622562758439 53.96622300610781 155.82299647063707 253
520 43.159513843584534 40.92394492603268 52.05533991311278 155.6910880815856 246
521 40.98111438853064 39.57993725982755 52.07184886239077 157.60737412063364 258
522 41.54271188754944 38.895962130019804 50.75692250624155 155.75119071955618 258
523 41.23734677966064 40.31483210030875 52.153773635673524 155.18922560369225 251
524 42.533147899227124 41.04319630484789 52.59829338801837 155.99892748655657 268
525 41.83546543349306 40.5630054919264 52.78238004313668 154.64212492819112 268
526 43.2743419040009 41.283314819185236 52.17160042854886 154.64215390092494 251
527 42.447236932877765 41.159903837408876 52.11282534795586 154.7070691409616 280
528 41.36851994622184 41.57736250636036 52.29261762932695 154.47405782652012 282
529 41.484354560206505 41.71712810111446 51.756770927423894 153.36804699839732 282
530 40.78433666769618 40.43126060254412 51.25656686130699 154.15269807131924 267
531 42.226116964537304 42.59251806282116 52.697621378729885 155.90116501110646 271
532 41.02488209356785 40.40751365362972 51.93801794014239 155.4335745959461 279
533 41.302106442048185 41.13764117618139 51.54927914558943 155.69368578341889 271
534 41.59896155437402 40.88182634020707 52.03420165377764 155.9279382847862 265
535 41.80481907501773 41.28130164188053 54.39921788680894 154.81497854376073 266
536 43.239940917400574 41.37268775327614 52.720195736355564 157.30678321787343 276
537 43.34149713014142 41.995478573643965 53.23930087829987 155.6147665176945 290
538 40.542232791621 39.1568772022494 51.53096461354399 156.29498668127647 274
539 42.366381163057255 40.92989789274088 53.72727285835579 155.1521158428663 282
540 43.91145166574059 41.64382968928774 53.59472356927344 155.82199312474864 265
541 43.27691277025172 41.89450675343853 52.488746618407625 156.64947530890015 281
542 42.9205429810204 42.5329770272889 53.44092743714243 154.77613465432339 293
543 42.53854788734754 41.12430461029329 51.675239454877826 155.44655984294204 277
544 42.0570308023745 41.86914702412406 52.6039189834048 155.2159440882225 273
545 43.75578152263815 40.45362009586987 52.053244142318505 155.73703630565754 275
546 40.82318754528409 40.35498287030471 51.00292778346347 153.39192469931638 271
547 41.51659969209623 39.3356081592396 51.091455994402644 154.1134877043838 254
548 44.67477091344921 40.895073126692665 53.46777487095975 155.94989089500575 280
549 42.84490789422574 40.67086015155998 51.76218699457644 157.30705050859268 278
550 42.079429441202116 39.76631416831339 52.72362422428577 157.66903469514452 271
551 43.8726799089636 40.82668065306122 52.85654347691032 155.52798424593237 287
552 43.73509257201527 40.97226239521314 53.786785571824396 155.6434766280864 293
553 42.180392520248645 38.2902739328799 51.840260554716586 156.6657840293747 265
554 41.637925588018135 39.3496902873276 51.72901150683136 155.5426849837957 303
555 42.784269930046094 39.05398650172443 51.96937708500115 155.85419309715704 286
556 42.44125523792189 40.32865632692977 52.51170329421919 156.12693216257998 289
557 43.0872735993924 41.70109317993719 53.460478099834795 156.91920313844383 269
558 42.75224215073584 41.799846187973536 53.73283959315461 155.48142425975527 282
559 41.44143217482503 40.54951401080151 53.36613591087112 157.60502624888915 273
560 41.93075383432532 38.32129027583548 50.58551753347942 157.29153240409443 277
561 43.816311107212094 40.302217723929246 52.886727729937874 157.24323288279328 303
562 43.62542631781494 42.98553141354613 55.114880509928405 157.6410593217795 284
563 42.14805696543851 40.07327239138123 51.90156474734372 157.33420708957945 284
564 41.55783790213188 40.59920011778467 52.66611583984619 156.74447224883602 273
565 40.766334015634285 39.290543146684875 51.3665243725464 158.68419285241512 266
566 42.23262449462047 40.9029508063901 53.05887414421359 157.20978914448006 286
567 41.29631396307544 38.14623271700766 50.224856540452215 156.12153871279168 268
568 43.77520508607374 41.50573000601737 52.83301184947672 155.95221545360764 276
569 43.86966243591493 41.44374487736115 53.21842214346556 155.5271298099935 293
570 44.25712769856122 41.73851743057573 52.22149177490184 155.77651289390565 269
571 45.179221699231476 40.89928992347913 53.985557243701805 157.81199610414686 276
572 45.645370739473805 42.533315747738875 53.09028830120136 153.71554811771364 295
573 45.951858409888814 42.82074336068156 53.41061611824404 156.60398338416593 290
574 43.90450280955873 41.513406388136524 51.98864079948056 153.49586912499728 291
575 45.01903975847216 42.65597521517993 54.26798986965591 156.34283497044893 297
576 45.95948016443671 43.47546342295246 53.425031017625045 154.06135291097922 308
577 44.38067109708493 42.39826037377532 53.95553213927243 155.36487390041273 299
578 44.633501224531194 42.35605685463949 53.8468693857158 155.87550777343347 285
579 45.9649634867018 43.49563859880506 55.24504252945325 154.90428224372852 300
580 45.01866715586981 42.76254752366263 53.92216265648238 153.80531352066342 295
581 43.746196265331164 41.73915137086032 53.76588634376076 153.43683128296658 302
582 43.40146761708226 42.49323829387015 53.33588174798248 153.37438593356802 295
583 44.5970754422923 43.17738165521177 53.717375484787624 154.9347501780607 289
584 44.032645813319895 41.96206966072331 52.343840710474616 156.540147331361 278
585 43.51775741872526 41.79204339090284 52.742973188384845 155.79813201140254 265
586 43.83751795412405 41.01889010308579 52.72632995232968 153.89247320613504 275
587 44.657335659330144 42.28966221889101 53.71423581470274 153.80047368217836 278
588 45.390004779386835 42.27588384880057 54.94842579326207 154.59114903334563 290
589 46.50475447489306 42.71992057611155 55.425013690742254 154.12174859005506 306
590 44.40897880630323 42.801812307900065 54.15097363351529 157.0613566695328 272
591 44.45743407723673 41.85415062673727 52.98948677947168 155.35010727067103 292
592 46.935018528151865 44.656107690146975 56.61448842623294 156.27348074975953 298
593 46.98178153919087 42.98976818124134 56.0241115978521 154.82009477909654 304
594 43.94323410333447 42.024560064890466 53.10812752075929 155.0487832814252 301
595 45.58942991246117 42.17830789098268 53.6876937570041 154.5817960485377 318
596 44.14182504087356 42.29872149415148 53.87840287995444 154.15928296155914 327
597 43.937047582174905 42.345419304968914 54.19102925968324 156.33866844100595 301
598 44.02511464185086 40.686219994451264 52.171042144845984 158.28967710268736 296
599 45.92672569583235 44.19801407869798 54.504728574266146 156.9367371607781 307
600 41.99280458096088 39.07154033504022 51.157065921545346 158.04586675609085 301
601 44.168072991915956 39.10894060370947 51.57293132008867 154.33577594484865 295
602 43.670954966179494 39.541770652022265 52.40842457788509 154.7711139842516 310
603 44.11771597275279 41.35182977593659 54.10454929919417 159.12279933570275 295
604 44.45163374572654 40.14064917899609 52.40567390595829 153.41571732165002 302
605 43.3517523709205 40.010046934099485 51.98689080262868 153.70727031348005 289
606 42.91546966991683 40.26093262168903 50.88504161400999 154.01813512837097 290
607 44.23781119946886 40.63325382922419 51.35686620433805 154.04550710505904 286
608 46.00883302259405 42.615271877862796 52.89618678192907 156.71105550407037 287
609 45.689066901211575 40.82655226076354 51.448848084828825 154.55147600243157 288
610 45.58417786211813 42.48613442643214 53.4422182864931 154.30555648737433 294
611 44.04016107073952 40.53773651174425 51.245003074435346 155.79206820775096 294
612 44.33229846858912 39.27576463857788 50.512102083873664 155.64078822393486 291
613 42.945535474781195 39.70557027167448 50.54337576330356 155.78743246130077 288
614 44.23622462652577 42.2871084522622 52.55362941735156 156.90243605984506 272
615 45.40813411764656 42.33358164047282 52.86860913331436 155.52909025942677 284
616 42.05934017139021 39.171784209365754 51.17710900652625 155.24342690826356 287
617 41.61751076518142 39.317867754852145 51.30895503364707 153.30445244116316 278
618 43.05151512696554 40.23722482167324 52.137801593424356 154.38291975633507 284
619 42.60448911590745 40.38613234713988 51.83792812409641 156.04804274780867 273
620 42.81368395328008 40.900775192366055 53.49360516332171 159.3719792453799 287
621 41.417333148548835 40.419264379477866 53.08228799728287 157.15724014072265 279
622 43.56940543444332 39.71503782217875 53.75634361823332 157.94563004501094 286
623 43.558634901917024 40.98606736873092 54.73110383339571 156.1394823469888 291
624 43.985891537354455 41.71473348182143 54.31659849396193 155.1393743194576 292
625 40.882111810511915 39.09330405056885 51.93252123144211 156.12587831983288 269
626 39.41695568651543 38.69759219512976 52.06157983431247 156.03052888044587 277
627 40.399097555598146 38.24764567711171 52.93191371853495 155.70312914174332 260
628 40.80362105528958 39.47985781531127 52.48436669148493 156.40003536277698 279
629 39.580976145319696 37.03246545642124 52.99766061053265 155.04009379316113 278
630 39.17332722183794 39.26222172983123 52.967772279013985 154.38032416866193 280
631 39.287889114933485 37.03908556635238 50.92321892813704 155.22015149819572 275
632 38.142440354436005 39.54514283368109 54.10729255904781 155.43351877770738 277
633 37.99282978788716 38.25503990235639 52.65565150586633 154.61083002912048 283
634 39.41565031554446 40.07870531158399 52.95205163690489 153.9280886905208 308
635 39.025098595764895 38.663953169996724 52.62423073093814 155.3612045977013 259
636 39.23612144587316 36.45280864282605 51.79335210581367 155.68486557751115 292
637 39.47432086947747 38.59741981244911 52.66514095698932 155.50332259645535 287
638 40.08894501807292 41.064003151660174 53.85236142885582 155.3244783203049 278
639 39.4957229950468 39.00864620644457 52.90983212230437 152.5147751001048 279
640 39.468895227647465 37.85957239011503 53.203868542706715 153.7022694127921 278
641 36.90419087527321 35.9268008611521 51.86886069253168 155.38220566744906 248
642 35.26420495885379 36.86050597682135 52.12908009181739 153.9342994617384 258
643 36.71122943867407 36.67454145971054 51.80118806014842 153.5034562457322 271
644 36.53195943422503 36.61889954117906 51.24718171149694 153.63798248803366 267
645 34.962861526826764 34.8966418684427 49.91699179166785 153.81237963582396 271
646 33.90478693231085 34.523730257675865 49.55151292552535 155.6273392069877 247
647 34.41833190347384 36.08785339309516 50.74030269485683 153.61530590999453 277
648 34.619907278383785 36.49408733581469 50.65873509758292 153.11314590904811 271
649 35.08997870645411 37.11771081907049 51.90710139716853 154.9558494190997 271
650 38.96272742003749 40.33378994920156 52.50052690218509 154.47187894562597 261
651 39.73349180850339 39.05544815205316 52.1906762992338 154.45171050718199 258
652 39.94705293438771 40.53662156238369 53.862405871952156 152.01153022750225 267
653 39.13592564782996 40.01759516208845 52.76407096345854 154.66096395650663 276
654 39.421176224022275 40.063638293837904 54.015314209318696 156.1836328033854 254
655 39.06786205890449 39.99891402519068 54.23260237954715 156.42363888779033 267
656 37.92321005337431 38.63531195677078 51.936875116284334 154.54210185861984 264
657 39.04933384148167 40.68407985230607 51.711020513891434 155.7016315054317 272
658 39.663293360995795 39.86092803102746 53.47633913742803 154.06627510901038 261
659 39.89257247111873 40.86997539502943 52.48188616427374 153.87558275571993 281
660 40.17990822950638 41.80487426544591 54.51326372890874 156.45788083572216 291
661 40.38298608589481 40.692205291723944 54.814215487710534 151.5509244506503 296
662 39.87282360842029 41.40138135433375 54.564574163782154 154.12514564913218 263
663 42.95198430620368 41.93410288117546 56.50638013533031 153.28080304224622 268
664 41.202497065883854 40.82525820273381 54.49085695409754 155.5896547938079 267
665 42.14825728586169 42.23014788690664 55.07846674380982 153.87021112652084 278
666 41.26121738640374 38.869074970496364 54.53251253933667 157.0726850152194 297
667 42.57792719670136 41.32345739171058 54.17853264630184 154.19694519453915 303
668 39.39297839627471 40.47569795504918 54.01479750171598 151.92196894011727 297
669 41.06871318209588 41.125198156361016 53.38731678321923 151.74044994125796 313
670 41.2038484185267 40.07336997380498 52.96498255559014 149.70788413609003 320
671 40.35668922908746 39.90461828642823 51.773215889966146 151.66720998158206 321
672 43.33860839071612 41.210715195065625 53.15647143409664 152.65390687202648 316
673 43.76469946919129 43.02583357061738 56.24742502865344 149.7686586542212 319
674 50.16597048147147 46.41722894511434 57.0781797820112 151.90097014749242 318
675 46.40623106967425 42.19485482862562 54.095523794076584 152.55142097035366 300
676 47.83729684142979 44.52483846333216 57.06321947662974 156.91245124645667 285
677 44.9586545791776 43.38480805120843 56.04315497567978 152.1541791396059 313
678 46.24740137454514 43.965956226290025 55.483392003351135 153.97960372308202 313
679 47.92529622739269 44.296698953550695 55.922464335719255 153.64034565041734 309
680 47.69389463004267 44.31929358322013 56.13589521570446 150.82125499853157 309
681 47.231152940081415 43.981913417475106 55.324556145855624 149.54030720488038 305
682 47.57505333170897 41.522604249396316 55.747409206934044 152.26479178441372 300
683 47.34665486582826 41.976050180638914 55.3151042568301 153.37268686825416 307
684 47.61607320531407 42.33397646999981 54.77081976311576 152.516025039544 296
685 45.42184717595382 41.496975341803505 55.38391072108407 153.52200952893114 313
686 45.85325732191062 43.576392351031195 54.966406315247 154.50420735676897 323
687 44.56354203533551 43.101244989847665 53.71453922185518 153.1294289387994 300
688 43.27728445531042 40.61165642146883 53.5999381459051 155.83182031251607 287
689 44.78069990469126 41.88243764898843 54.83947461586475 154.25683748795853 295
690 44.23903171955964 43.1346881865294 54.482841948442434 157.23495262871813 304
691 43.81774408500952 42.15447459356234 53.79964380820224 154.1982513880601 289
692 45.727557257379196 45.17492355452474 55.27278978962657 155.8090798942437 300
693 42.957092714098955 42.733952655662726 54.321949588820246 156.13710434560502 294
694 42.76500408400832 39.27398889482301 51.89745497854668 153.10523126291548 266
695 43.04986573495725 40.12258227689832 53.58298019929086 156.65339173168883 277
696 41.26843823886299 41.17653101909147 53.539632427799624 157.34759653838296 256
697 41.36957629431809 41.997375429539396 51.982453427770395 155.98772491636353 255
698 38.91747681413246 37.56378953389944 50.79936477146863 155.86388258521714 237
699 41.3888099343637 39.08688381328262 51.46390424400801 156.01830914348022 247
700 42.36595056558239 40.49688050377009 51.497918373266366 155.07831246223148 270
701 44.55704362094852 42.07818101525317 51.60261171517854 155.58745745749496 269
702 43.27728338524145 43.532915961286676 53.161521279420064 156.62464953473636 260
703 41.922194126817466 41.5247879511531 52.11444783298542 155.46167890925037 265
704 41.39723366983472 43.483493824935465 51.69112756102198 154.9928624818359 263
705 42.146829899596675 39.475291067316626 48.88137148283816 157.69805028129588 242
706 42.89003346400372 39.934413179006285 49.18564097267912 155.66338428811483 256
707 42.06895999722156 39.8825477038435 49.72987889719543 156.48959882994296 244
708 44.065472261917414 41.45630489447817 50.27336469168622 158.06473753324363 281
709 42.102369227887856 41.700249390951576 51.538501199678414 155.2937365244338 267
710 42.35479125791774 42.84377642823417 52.831046741225826 156.7543569703946 274
711 43.36422806751014 43.92403944743278 52.7515201848021 154.94259525597738 275
712 41.936846822649755 42.73580780809083 52.477418747842975 159.8297225878184 271
713 44.33248323799166 42.365227431614024 50.0438421350252 156.58907726317474 263
714 45.65972042657356 41.30707417407388 51.26689436231765 158.04477522464617 262
715 45.61304121610582 42.62209189360097 52.64967440509871 158.82662853739964 287
716 47.96905305656985 45.08177324669297 53.2128722469046 155.79185470094413 291
717 45.684180526806735 41.77457597302751 51.33269589230523 156.5137136341193 290
718 44.93644840138085 43.7415671901119 52.5538802314467 157.23480284187787 280
719 44.632085259566004 42.4798853381198 51.69091188287524 157.64460757609464 291
720 45.91637451013155 44.645750705427496 54.01653858289521 158.3375860023125 278
721 44.48136695543792 42.95793912357897 53.3007762235222 158.6119414184017 271
722 41.46687276849831 40.92024693825982 49.995008615342556 159.47147699649685 245
723 41.7695055383501 41.70285467805517 49.86802215178836 157.4230875501079 237
724 41.26576884672913 40.04785306768612 50.12186430705545 157.88481165044172 248
725 43.24813812092139 41.685650899917476 50.77678707363208 157.83681518164525 263
726 42.30294587193304 42.18064754341186 50.73340861624033 159.4320071852228 254
727 40.92459809775658 39.604466735811684 49.94124215747852 156.9783907836277 260
728 40.77640295435224 42.412095632174704 50.17515452649299 158.92461605158493 250
729 42.98741562899562 43.52433800629986 52.61451023186375 157.0467232837981 268
730 41.62245174425575 42.1878129187249 50.60643924845301 156.10342764497022 251
731 42.561973442973894 43.43856653439776 51.68610664711916 157.12685504907387 257
732 40.9757817300536 40.16347180592374 49.00177339066457 157.74420005468917 246
733 39.59866339058178 39.89497277720181 50.85623937332583 155.203384414581 242
734 40.43025790915182 39.56702120889132 49.16413694412116 157.0118327117392 260
735 43.01184253640558 41.795582800841785 50.98994508870827 155.61701889808936 253
736 42.151662856013225 41.38157488966867 50.11574096402763 158.18599085235903 244
737 42.50744119004511 40.64749708212071 48.018614156025436 157.7616534075935 239
738 43.70995505102384 41.98908993037193 50.52425073962543 156.59888558066768 252
739 42.292357568674866 40.381628137843876 49.35926076324798 159.36816465761873 241
740 41.99314048583068 39.17705096195452 48.28462608981023 155.45213423916167 245
741 42.17313387161182 38.46485033235351 49.14144281937767 155.9950105287718 248
742 39.48054496468581 36.217718268427234 47.9036458807172 158.37601117993552 236
743 42.001127601095845 41.00658398536322 50.04674790514882 158.2648999839985 262
744 42.05268403091636 41.3949275127072 50.49703930530948 158.30700876352068 252
745 41.795129106642484 39.605303835001024 49.15013669462402 158.95093981497325 229
746 41.81907630090789 38.47357577910516 48.701976065372705 155.0937949489626 239
747 42.447255488437186 37.64502514759995 48.122856725497954 157.95546499039827 224
748 41.33327040086487 36.65702307869464 47.21232722979652 158.19030056656055 222
749 41.78530123019003 38.372885875565125 49.46494033721358 154.86562626814174 241
750 41.63779784109234 37.74271754211967 49.56153383669953 158.52025966111296 251
751 43.321631604431595 38.95756480612229 47.77418652684262 155.42652903215637 233
752 41.129337705632054 38.5261933652448 48.32719382317778 158.61403170325002 221
753 39.89506640924606 37.11474999315987 47.842669592108635 157.63067931018142 217
754 38.59242276142557 37.20255162659282 47.33311719561036 158.80459535508157 219
755 39.85550688473405 38.66661931843192 48.41185877232314 155.8499926622926 232
756 40.28109593110282 38.52896968489247 48.079357856261545 159.03281217720917 224
757 41.294435131228155 39.52226635118989 49.472543448369855 156.59099971079561 245
758 41.26178097076338 40.26766618046997 50.689374666856644 157.01267331899203 235
759 42.61798131489785 40.14785444791422 50.004442048580955 158.21808309103244 265
760 40.60649338747874 38.71180986408054 49.04988977379023 156.77159121994185 235
761 39.20902912172221 39.19636552467005 47.54692083417543 156.32223050090167 252
762 40.342895437375816 40.74655332337474 48.733990656386915 157.75087702330262 249
763 42.96016143950882 40.393648309119435 48.592488469540385 157.59981987754932 244
764 40.93981295740532 38.781584155859655 48.00110540913906 157.55214694340583 235
765 40.55846227813873 40.259466388476866 48.30623777658294 159.1027044928097 241
766 38.85118858079921 36.42282214475535 46.32609540630282 159.22674568438433 226
767 38.31416276169283 36.710858129169154 46.967421331695405 158.49414215933427 231
768 39.60768840499702 37.723276800062045 48.42886926036391 159.2462153531493 244
769 38.535548547864074 37.07038938650196 46.741210225331166 159.5974538574162 216
770 38.05064042823524 36.967109335939284 46.5421477845844 157.6921190465926 245
771 40.001019474063476 38.61238252524848 49.09769127312741 158.19605687120998 239
772 40.197780550141516 38.5407287690372 48.504140363673294 154.68484194552136 238
773 39.50940757103213 38.13495480437011 51.026399510407366 161.3259139547691 234
774 38.03458671392803 37.969096739234395 49.54060250672689 158.29151405550164 235
775 36.060722278041055 36.32325330032898 47.77228281624237 160.0381183932414 223
776 38.76954976181528 37.90963004726155 47.59023365969828 160.3420144549518 217
777 37.6592720576665 36.7958895202247 46.04358068499884 160.90263913247767 215
778 39.49985137053937 36.606278067927676 46.251975979108536 156.98102838270188 230
779 38.433830468066844 36.433614734177795 45.957964974683115 155.9741945159416 230
780 38.66781189678716 36.95097062756209 46.43456458079452 158.58304230320348 234
781 37.77485512529138 35.680589681883156 46.720888023595045 157.08210438778718 228
782 39.819514236420126 36.90973399623905 48.21736676383901 158.50193579147953 231
783 40.430209727889675 36.934571860189656 45.68818581098682 159.01351599262358 233
784 39.997807791488825 37.501732834537215 46.86513127304526 159.6190093574373 242
785 41.22187620115816 39.580753275695 49.126583096309346 160.81702749021622 231
786 40.24431741765643 39.87056728814513 49.561769448558614 160.13526048895244 231
787 39.89318471634775 39.699903866507924 48.51102782114691 161.73201604986025 246
788 41.69761282199459 41.23761756184182 50.27170281787306 159.15539026119686 244
789 40.144286760145654 36.28115314927899 45.87154407936343 156.6175468401738 221
790 40.67961638045111 38.37364822629697 48.246213543898655 157.55916478669658 232
791 38.72901402299833 36.15703845072094 47.27854712285991 156.70495047755125 231
792 37.570123164859424 35.438772167846224 47.32145757200983 155.24973527400078 238
793 36.405606245317855 34.85470847618554 46.726990204552926 154.8760236297659 258
794 37.20293422760266 36.54381724692579 47.792710232749606 155.23406256071496 247
795 35.18470032904058 35.42058051139995 46.99144814700301 156.58081462121456 225
796 35.26886550075255 33.82265589251988 44.955220994185275 154.07989631746906 232
797 35.03343937934619 35.393026517836766 47.13761018190233 155.6963733247645 249
798 34.45862470897479 35.533983867300755 47.428945013193555 153.71020340003074 247
799 34.36897052781332 33.20521080689923 45.20962961372345 156.4139464556486 223
800 34.66641848976924 34.70047476597807 46.5889688244652 155.1677911755257 242
801 35.322256628694916 34.61340356031803 47.50308227493229 158.35769151649959 210
802 35.08952700630381 33.798869855651134 45.70690126976246 155.4470984789766 241
803 34.526629117045964 34.43346850239067 45.067684548708044 157.1210749329734 231
804 34.65827609925185 32.71546491359204 45.85512104453272 157.29855893419833 224
805 33.51792140563501 33.55007537043184 46.42002097917974 156.70495122000003 238
806 33.44562235472463 33.99489136370168 47.225411786241 157.6841477591981 243
807 33.81171306235923 33.38851915030451 46.134556853923044 156.73663406178008 229
808 33.512870861615895 33.67852199928061 47.58597867345435 158.2600397170524 222
809 33.596696587324935 32.95318238487798 46.86090876085271 156.2982797348098 209
810 33.48824359041627 34.09911671281981 44.98560842883329 157.92874680250114 233
811 34.36858538671478 33.78086504240733 47.980188752241204 159.70004771132488 230
812 33.33706070365337 33.7495804145045 47.59952165198817 160.0946624705675 220
813 33.564955642790906 32.865402098688214 45.11213275516543 157.72071703643752 222
814 34.24904852869145 33.70394009955559 46.195264810934134 158.59351923320793 227
815 33.645928724926954 35.18351490374822 47.838048059326866 158.6387609726362 242
816 33.316510371812335 33.54748285495628 45.99346238194572 161.82538228540588 226
817 33.38345409886211 33.36013612743497 47.49675551670693 158.37790599792373 231
818 33.92820738602603 34.87331239219413 47.357300729103514 161.50239976259095 218
819 33.81618774999999 34.70220266408447 47.19540119831576 159.65483258429282 218
820 34.09141387453854 35.158881338403155 47.49263531145722 158.36018921785117 234
821 34.38669519989928 35.12923897496376 48.45462573602246 158.54915112049582 216
822 33.71224753938752 32.892269390349576 45.730526249863274 158.7484140830045 226
823 34.0397285350313 34.26035375761587 48.43006955875548 157.46897665684304 231
824 34.217552639194274 34.23910912414031 47.59935724037157 158.86438873027635 236
825 34.06429983628798 33.02234147256552 45.61918473805829 158.90994587902327 227
826 34.23921131788297 35.36316248430136 49.506826192365274 159.18568574016936 232
827 33.66569629943439 35.06701833603273 48.09050418313354 158.29924368850266 218
828 33.96440115946856 34.30728277372877 48.07697304708432 159.6623888112786 225
829 34.7177558576661 35.93993075991696 50.26895253971499 159.0597594269245 222
830 34.407881279725174 33.57875592425811 47.96164353006055 158.20986917344354 205
831 35.41013779365184 35.796932996297045 48.86982807514107 158.65796589701498 237
832 35.00023180385894 36.26031249806255 48.81604597400411 159.24445259995707 220
833 35.432599450988256 36.98168877185443 47.401596370945235 160.0585564117045 226
834 34.59856134636587 34.57422165685862 45.9408078229411 158.63287475964881 232
835 34.18099223622134 35.18438751407648 46.740076887118676 159.30018638618418 219
836 34.00444235333033 34.17861834114353 46.435674592354665 158.90857314968454 232
837 34.40311654477404 32.75212514041633 44.61373813656532 158.8543043196301 210
838 34.72922889346462 35.24851973643048 45.85059979953456 155.25343112408555 234
839 35.65090197010834 34.824610536419065 45.695338040492345 156.22417547430072 228
840 34.665066998139224 34.56102200994071 44.64149334505075 157.7098609104426 220
841 34.46671546859031 34.851158418331906 43.83704454459837 156.38871054719417 239
842 34.247849897171584 35.60133163191175 45.14395553891271 158.45070460616324 238
843 34.316185351547404 33.48054609530729 44.62516502714261 155.74881606199932 245
844 34.04697977879897 33.31015468270894 45.59055513079905 157.5163260850632 246
845 34.2335409116496 33.70427310279686 45.00805641602468 159.02439567615693 239
846 35.33681461683692 36.04023950365939 44.930178483844784 157.3189823316779 240
847 34.27272001416948 34.092822142677484 44.48811953999138 158.55426869671567 248
848 34.8429607449026 35.464879774050964 44.969191416371565 160.0139110323629 228
849 34.01943383434196 32.64279217778561 43.72174773480489 162.00423455405274 232
850 34.5227209662272 35.06506110590966 45.748708772548156 158.78586305815108 237
851 34.534249863009826 34.631019078915834 45.14237608286204 160.52594326619413 220
852 34.05109571759856 34.4332817242484 44.545413074012686 158.08826645146527 229
853 34.660157951057236 33.785329596487095 43.465751963247946 158.83432542961825 235
854 34.29869493088701 33.83806699145828 44.33733297640492 158.7981676335255 213
855 39.40868169546741 37.92743576581576 50.54256926107972 152.8838593866941 265
856 41.016774893090044 38.714339557639505 50.89759126249691 154.85448069692995 271
857 41.38620688483334 38.46547958807747 50.85878737880007 154.5246299471513 279
858 44.9256603995457 41.019343971509315 53.09167045882528 152.17187497450738 263
859 45.79736482946733 41.97861655047704 53.870469480848506 156.27196267921585 288
860 45.401189733869316 41.41083912903496 53.25197576340659 154.49903487640273 270
861 45.27599715575294 40.758907795923065 54.092825263835216 154.12995781298048 269
862 47.98124914655029 44.0572252064325 55.00762651361361 154.78270067139707 275
863 46.679023729373895 43.04163138957584 55.64780784112767 155.56932716956283 285
864 45.78216065818826 39.656837422823706 52.78480123159173 157.28494519592226 270
865 45.74185067726901 40.611757748506356 53.39430157030847 153.73210216900551 285
866 48.33771557667194 41.93057423674994 54.45151987663768 155.08705121164314 264
867 44.61075975877988 41.47826596139017 54.629246364274415 154.81754910388918 264
868 45.44579324322105 40.447745832784754 53.76272028118358 154.75457935779787 267
869 46.23152285855882 41.382515034520544 54.7491708161697 155.59740717950163 278
870 42.61225300922663 40.3730133733949 52.82231189218572 153.91132090443477 253
871 43.7714809267861 40.19089843582149 54.09786266567334 153.62544047429094 255
872 43.866052082716536 41.65756406166519 54.97086188272221 154.32181102135408 257
873 41.17052496431383 41.74923528433471 54.8614981587154 154.99151716768256 261
874 40.93038342487669 40.289154841717725 53.485762461585686 155.81190414656427 264
875 40.84006809303993 39.10319796606091 51.40254193802034 154.64690129971186 246
876 44.57707425215505 41.228510966470424 52.95676693642733 152.67507096383727 258
877 40.217797333737565 41.018545972746374 52.1435352008817 154.34360751403293 250
878 41.19992726831333 40.2486346755159 53.48233850168623 154.91649584285233 269
879 42.718721872665725 41.903458655095484 52.44485204879206 152.72994199837538 262
880 43.70421882226454 42.05860469756843 53.23101037161395 151.430623805793 257
881 40.19291744537013 38.77004968727637 52.14234321593465 156.65940864708395 245
882 41.45993470472063 40.360042309267854 51.59198263257345 155.33131880573671 248
883 40.56318201199196 37.641871160903854 50.81762040298175 159.98031095671098 253
884 43.219829204846484 39.84625856470589 51.96103329438315 156.69710346372773 246
885 43.25768991430281 41.80622064829693 53.1319915781277 158.66386616210656 267
886 47.604607325371504 42.45760619107099 54.795453916095525 154.0387845171543 262
887 44.71970237157003 41.16854570800634 53.767788281483966 156.56117282896233 280
888 45.00690668405479 42.13246354313398 52.79825622380807 157.85829135160728 267
889 41.13411309026218 40.243380021251326 53.94390065477575 158.20366195771535 265
890 42.29526487389304 42.62679798623133 55.46568992782759 157.4633135357912 270
891 41.20232308882322 38.64788021500303 52.6842708367147 157.43675401448152 263
892 40.33716969934537 39.12372668749202 53.07828120962571 154.62046860153453 261
893 39.84888907022697 39.89305129417563 52.476650231941214 154.95264396806945 274
894 39.76772604022389 39.744515602797115 53.93734189012906 155.02675189498328 252
895 40.72970414452227 39.80216924713485 52.18293844238077 154.0929896488751 256
896 37.92637836447927 38.44869245673807 51.48680136170262 154.45201586617645 265
897 38.466388120516285 38.62726744631608 52.11629361871621 156.68494819519427 247
898 37.37474317858917 37.71948989950893 50.928493522050864 154.81609219353237 243
899 38.61021517318868 38.75319053708235 53.47010287184889 154.39221689339163 244
900 37.27810309099999 39.30948088634883 52.86100649702375 152.609261459989 255
901 36.36715095211688 37.51544724474656 51.545208301295034 153.50416637304178 214
902 35.95532532192336 37.11271718092849 50.54118967556 151.32549915080014 243
903 38.40991559932164 39.002458771047515 52.17546250353996 151.084524169527 236
904 39.49632377018301 40.43548332469453 52.73029285365402 154.41049921787578 262
905 39.46562301253669 39.325259028676726 51.51490556541198 155.0967094994498 248
906 37.47551020349451 38.89917348320328 51.51414986466733 152.44963908930978 231
907 38.83783922470256 40.45891068925537 52.072907752610156 152.6597446421203 263
908 38.43214514431932 40.63561098331915 52.793262835296595 153.68960629807475 267
909 42.10432793060293 42.118184021062824 53.52665183695878 152.2130535141572 274
910 38.793518510242656 41.36888091344199 53.565699014325766 151.96361579520624 272
911 38.05700610744265 40.09994900294357 52.19471159594348 153.90527469925607 254
912 37.59988072481171 39.60183050789942 52.58983800905937 150.5594273048357 274
913 36.533446798687066 38.04642748378864 51.50793062149097 152.95295521852145 265
914 38.62114294042296 39.23160387396897 51.191588765351135 151.49234914163546 260
915 38.53673234226605 38.3206668884006 51.18358089709091 149.90660501078239 267
916 37.17334938965881 36.844729237171244 50.24825098558832 153.09081673138851 259
917 40.207164313580996 38.58561342492397 52.24213029132294 152.8096344263487 280
918 39.56463027602189 41.881121754096746 53.48533589825923 152.73193861234552 300
919 39.89005316938723 40.06333495610801 51.79391605852334 154.05529578044377 282
920 40.53354511559263 41.08466951576334 51.998385536693725 152.55361016740665 284
921 41.70404065555865 42.269467225563105 52.763865570492484 151.71621811867058 282
922 44.36098541308377 41.897094826828194 54.28769266560636 150.43468896037695 303
923 44.83291849825642 42.98091185703454 54.14589913752142 151.0855538028558 301
924 44.79080825435494 43.927664930423084 54.93471648747205 153.21157314801064 297
925 43.11091544665818 43.96537524604546 55.82000444707745 153.78571167657103 307
926 42.326908597147074 41.421595013915734 52.32825743322687 152.1447362339307 305
927 43.136654339762416 40.99757892902563 54.18214241603651 152.69831732564538 290
928 48.324411558153294 43.5128713104707 55.27126140687771 150.25009228232113 298
929 45.4535378482784 42.93971636383026 55.096474546598316 155.63421727551906 280
930 44.81842763946288 42.61367279402707 54.7424413319253 150.82237798404856 301
931 46.30219628084192 43.33892927138894 55.35521279856263 155.16174550180335 277
932 46.247237701527716 42.626675345401736 53.982993264567575 153.2501490218924 283
933 46.16867288550828 43.40027786027983 53.66357938924076 155.8494636078669 280
934 43.72330548870852 42.64054364087785 53.51936817635773 154.89622549496394 280
935 43.931617139042984 41.17581540540362 52.94898869704285 156.8851295102502 249
936 45.88845486437928 42.61581081368694 53.88786447913913 155.72450754607092 267
937 45.87630526114641 43.101391522099064 53.07195319186878 156.1963400173984 290
938 42.125643920310395 42.590024448092635 51.66653126034244 155.00554183529465 253
939 41.3042074624992 41.78211862473044 52.563456682461336 152.55104624194786 279
940 41.92610122689917 42.84799389451627 52.75492244809582 151.9719330798594 280
941 42.027927419405586 41.57899834671127 51.928424956766044 153.84981690141393 265
942 41.96962199597238 41.81202484780931 53.11289834116511 155.1319864232397 281
943 41.971598273625474 42.722488282862834 52.55049947974376 155.30219763644158 268
944 43.31183052433068 40.27212076726347 52.47175524443651 157.19544746567277 268
945 44.80253678831765 41.11541432680799 53.12057787493131 156.0875235278549 285
946 44.008402242858196 42.465520882081044 53.16322428610587 154.27126631100305 281
947 43.334973777937385 41.806938369019406 52.640367560862906 154.4893704577848 281
948 39.90951084502263 39.25439302749984 50.381854266106366 152.97203104656666 269
949 41.88846587144822 40.425249200617095 51.704050942856206 151.7990665515978 289
950 43.60622054871378 42.52643270878817 53.729640312118164 153.43315736172772 294
951 42.181084672301616 41.88414741558472 53.624672160161374 155.98200759581283 287
952 43.23298875494302 42.35751379745757 55.112902954811105 154.5985975684526 281
953 41.50478258275197 41.89930235564792 53.71871488795693 157.12525741452666 283
954 41.84859080065181 43.69281293651868 54.72583787007693 155.37449829870377 293
955 44.39963963896243 45.481537377204674 55.366558157644036 154.47925877836522 306
956 44.973541306081195 44.35525613907518 56.7357874736949 154.29526331437003 295
957 47.921959643265104 45.27233345886608 57.59110470947022 153.51849393007996 295
958 45.86529518879986 43.644036354845014 55.0255822348951 152.19525915618624 308
959 45.094523196976155 44.781978153037144 55.98658591596072 152.03904874384725 309
960 45.79470402357979 44.00900404465549 54.63941641497858 153.76733978694668 282
961 42.784382676576676 42.032692415892 53.51169909156688 150.06712076586808 289
962 41.71442187839166 41.79375433832486 52.543401681835704 152.36720268924057 311
963 41.121752274841576 42.780526982872075 54.99152771994752 151.1830608157004 287
964 40.023848436778636 42.70760443887625 53.95619099509201 156.57029622036777 276
965 39.86886085014164 41.598620021177524 53.6496047077638 157.488594043674 291
966 42.25291366190073 42.17328886050312 54.62392671950511 155.2878307768275 274
967 43.33742019328613 42.658270154067054 55.729832972807515 156.34563949389246 264
968 42.75926025055662 43.26861164187244 54.29769118163377 152.80056316741346 293
969 42.84102732836258 42.32309296854855 54.81610966653772 153.0050497136657 276
970 43.10382137477693 42.604838927982016 55.44419348724239 151.80729483859125 273
971 42.853154517909765 42.478612240225274 54.34201312282174 152.98465720762255 274
972 40.55446496330231 40.729208443371185 53.15238570545802 157.48392735505985 248
973 40.75681462489713 40.42614567323287 52.108801921192054 153.93367091563732 269
974 39.37568397627035 40.588123415382185 52.518699355625365 153.77714669254453 273
975 39.22093988881103 39.75854526020449 53.99468183924548 154.51286066407627 263
976 40.737856018162574 41.58235999275235 52.81138893088709 153.7373927152593 272
977 41.806169027158234 42.975491411325784 55.20156616732647 154.97402760294307 252
978 41.05832931167417 40.31290703731155 53.59669700213258 155.0080061611785 290
979 39.96138399894254 38.87648744195365 52.25323747563845 154.284530879005 265
980 43.081650133607134 41.99330966070729 54.47323978611898 152.9986903625113 270
981 42.72547609607417 40.357423800855145 54.51823742780262 156.35500395175882 275
982 44.52163964569811 42.76356694011251 55.46472236684799 155.5807530024574 267
983 43.90000382492669 43.27810943650957 55.35401184056915 154.78614323229067 283
984 44.60335888310351 42.14780543510064 54.93047205107598 153.72870573179677 258
985 44.853917481638156 42.064862267599906 53.73688988856986 154.10047818264374 272
986 42.70338326229805 39.74209187524786 54.3797040929334 154.37315600952186 276
987 41.47105004563239 41.312154971946086 52.93690046026486 151.68559564506086 282
988 39.81055110493476 38.531116384806154 51.35042170281781 154.29593623919803 256
989 39.205686419002916 38.37357762591938 51.798646355913 154.7231317897197 246
990 39.99536506986204 38.685900221278715 51.33324627684772 152.77705377533385 250
991 41.18680289493188 40.21672831308756 51.825545730504736 152.7080566216021 249
992 40.94468485749188 41.58381745045438 53.097861866384996 154.1501470968745 271
993 40.938739950889115 40.5826383068601 54.34776530191783 157.6765597969334 272
994 42.070895199288735 41.1659358244448 53.58159292679408 154.5100994322965 280
995 41.20621117841602 41.373251754880535 52.28485618011 152.03737005037846 265
996 39.817451860046106 39.296360917682854 52.24355025603087 153.3540259677531 267
997 40.21763202498788 41.10091987942744 52.70032667181006 153.97959427256578 267
998 41.78474305323193 40.85095091424193 54.45856883089772 154.57483455565978 286
999 41.5333360335064 40.084185446529254 53.97879524267743 154.39136235884752 256
1000 39.83191393508404 40.88002831043439 53.8439516579742 158.40947554374054 249
1001 39.00766050701622 38.2176335452527 51.94380789148065 155.81308966567474 254
1002 39.14883567987183 39.543378312930514 53.73147757924658 153.75001793424457 270
1003 38.95810074236792 37.5977820412257 51.8653246078139 154.80379376417983 257
1004 40.0200120381497 39.13172674770215 52.08502467307197 154.84582802253252 267
1005 38.85839594075154 40.66512401378423 52.26825911990702 155.07478013448423 292
1006 40.00328903415078 39.34985126268977 52.16551881411809 155.50828701060937 274
1007 38.86635645702668 37.58881483410442 49.509548640956304 153.58241133019865 268
1008 40.27600777062142 40.069587321036785 52.29101948852128 156.34847070577723 283
1009 37.863899157487026 37.10883852341145 51.76050893724928 156.29094132640176 277
1010 39.21788376102812 37.759371294063904 50.95558478978744 156.63019269099144 254
1011 39.90383244833344 39.4683388501945 51.13940350017333 155.04749197900517 269
1012 38.056421665851445 37.01606921198809 50.05722272872797 154.00474711046465 262
1013 40.08455118406177 38.94079233665386 51.47549390276631 152.98337317369496 267
1014 39.40676361942128 39.53163378060092 51.912216101061254 151.84438995298132 264
1015 39.35494572991245 37.58178586437242 51.506894950060435 154.2365331618746 269
1016 38.970516137079265 39.66443805004343 51.35086642284108 156.19963119795275 258
1017 39.52033255779662 39.89202624943963 52.93019197609992 153.70726282854815 273
1018 38.242820155376535 37.010885779768635 51.931707996665814 155.05499911158196 252
1019 39.93553361027928 39.33399003203827 51.447714507605646 153.6270668086985 277
1020 39.163823838240226 38.558704880233755 51.07834014320433 150.1060198393976 271
1021 39.54696544200254 39.78560430563819 52.39850587937898 150.77222774077674 259
1022 38.890838956943355 39.10930492499913 51.96106663841117 151.62711205917148 273
1023 38.58431161840679 38.73533853445512 52.54302677948217 154.82336388422456 263
1024 39.630531071445546 40.06043074991676 52.76047141518309 153.68378941553934 253
1025 38.91991580377801 38.54414905475655 52.59803283361773 153.28317157425857 254
1026 40.13805571020883 39.60143136638765 52.687896231196305 153.0906727963382 269
1027 38.36804660359572 38.24725290924601 51.28903145905435 154.01093315012386 272
1028 36.000196184582514 36.699561240267805 50.19482331123801 153.9552827425777 257
1029 35.34604624577735 35.98981247657155 51.15522474796673 153.22807464920754 264
1030 35.198996034076764 36.79540856445071 51.32147981509503 154.19402354589263 255
1031 35.50070759248712 36.351370690839495 50.8231661310883 155.46879795305338 245
1032 34.757030669816444 37.44905942948601 52.06325404957051 155.73806888290704 251
1033 33.95362755028163 36.33836721129055 50.66911192851318 156.27097775206704 241
1034 33.92874367736344 37.34742366208306 51.27846754107104 154.74091385894314 254
1035 34.55091178910542 36.5857411509796 50.42188657505761 153.93452038307825 237
1036 33.97962299904439 36.78652966128616 50.42417631102788 156.54030934973105 243
1037 33.710531956478356 36.10887091896244 50.31664344938196 155.60733833574815 249
1038 32.672830821919305 38.19059700534034 51.81727769081177 156.195776012821 229
1039 32.71107449419454 34.92162694474324 51.18556001772689 157.0313908249933 240
1040 32.56255121521689 36.70604436818018 51.247057455052094 157.62015608240515 231
1041 33.03658391871249 35.38237493219713 50.30998157378647 156.64463618181244 233
1042 33.10012489654896 35.25646220637541 50.11797073228009 154.38507660232412 227
1043 33.22961991190376 37.06203541538439 51.029574638962885 154.6668561633917 246
1044 33.00197716842671 34.57240297370886 49.743297194354 153.75728116095593 231
1045 32.15900927267634 35.355502013578665 50.8033846644201 154.0808977959646 238
1046 32.09020939152416 34.81083984016558 50.575055484146624 155.65404495767316 226
1047 33.151806617803665 36.090535368008915 50.26151721548166 155.01452332427587 232
1048 33.418236866628995 35.076190746016835 50.75764862169535 155.74179188244892 233
1049 34.04823050476843 37.032203950601854 51.83365606510878 153.52480992938433 230
1050 33.58983949287822 37.45927323723131 51.19085717935253 155.53455567757425 226
1051 32.454411954868505 36.3138343586934 50.698710758960985 156.12227401505768 229
1052 33.57794309782173 36.868899229671314 51.03115616682485 155.21545795924732 231
1053 32.94648886200752 37.636093809237984 50.95002678265816 157.47055763626292 232
1054 32.70487793666419 36.20440305286931 50.370062492702786 154.54160028450445 237
1055 34.41033733179757 37.166971632077 52.40589911428686 156.0838910055328 227
1056 32.85095639620069 37.061659437697124 51.05537546285699 155.27623138592992 243
1057 32.174315891009336 35.59850410762013 50.804412350556035 153.56948312451019 237
1058 32.11375632183284 33.43556378743012 48.67173751211393 152.15161630344255 253
1059 32.3544106435951 34.03931236563311 50.212743660673645 153.17845039070878 260
1060 32.705954340240325 34.774841675510636 50.889269285522815 155.90740482405366 241
1061 32.09600614748369 35.96451669452005 50.65504859446998 156.09671371183293 238
1062 31.810327480530717 35.64236758731751 50.198122066753 153.57800047671307 235
1063 32.99939024790244 36.074142079175786 50.053089990894335 157.12721023105473 231
1064 33.296364375381465 36.653573966938076 49.61937921965116 158.06667616801298 235
1065 33.06094125046004 34.62928501406217 49.17091146597013 156.36156472451242 233
1066 34.53183414747455 36.95385940847427 52.30448759332359 154.1819911910917 254
1067 34.33488093567063 37.34818017551634 51.23106056483229 155.28611254089995 254
1068 34.006401766657056 33.60796762930621 50.07575646956045 154.80273989260877 239








