Adding...
1, 
MAX: 1, MIN: 1

1, 3, 
MAX: 3, MIN: 1

1, 3, 2, 
MAX: 3, MIN: 1

1, 4, 2, 3, 
MAX: 4, MIN: 1

1, 5, 2, 3, 4, 
MAX: 5, MIN: 1

1, 5, 6, 3, 4, 2, 
MAX: 6, MIN: 1

1, 5, 7, 3, 4, 2, 6, 
MAX: 7, MIN: 1

1, 8, 7, 3, 4, 2, 6, 5, 
MAX: 8, MIN: 1

1, 9, 7, 3, 4, 2, 6, 5, 8, 
MAX: 9, MIN: 1

1, 10, 7, 3, 4, 2, 6, 5, 8, 9, 
MAX: 10, MIN: 1

1, 11, 7, 3, 4, 2, 6, 5, 8, 9, 10, 
MAX: 11, MIN: 1

1, 11, 12, 3, 4, 2, 6, 5, 8, 9, 10, 7, 
MAX: 12, MIN: 1

1, 11, 13, 3, 4, 2, 6, 5, 8, 9, 10, 7, 12, 
MAX: 13, MIN: 1

1, 11, 14, 3, 4, 2, 6, 5, 8, 9, 10, 7, 12, 13, 
MAX: 14, MIN: 1

1, 11, 15, 3, 4, 2, 6, 5, 8, 9, 10, 7, 12, 13, 14, 
MAX: 15, MIN: 1


Before:
1, 11, 15, 3, 4, 2, 6, 5, 8, 9, 10, 7, 12, 13, 14, 
MAX: 15, MIN: 1
After rem MAX:
1, 11, 14, 3, 4, 2, 6, 5, 8, 9, 10, 7, 12, 13, 
MAX: 14, MIN: 1
After rem MIN:
2, 11, 14, 3, 4, 7, 6, 5, 8, 9, 10, 13, 12, 
MAX: 14, MIN: 2

Adding...

Before:
2, 11, 14, 3, 4, 7, 6, 5, 8, 9, 10, 13, 12, 
MAX: 14, MIN: 2
After rem MAX:
2, 11, 13, 3, 4, 7, 6, 5, 8, 9, 10, 12, 
MAX: 13, MIN: 2
After rem MIN:
3, 12, 13, 5, 4, 7, 6, 11, 8, 9, 10, 
MAX: 13, MIN: 3

26