[   1]   30
[   2]   42
[   3]   60
[   4]   66
[   5]   70
[   6]   78
[   7]   84
[   8]   90
[   9]  102
[  10]  105
[  11]  110
[  12]  114
[  13]  120
[  14]  126
[  15]  130
[  16]  132
[  17]  138
[  18]  140
[  19]  150
[  20]  154
[  21]  156
[  22]  165
[  23]  168
[  24]  170
[  25]  174
[  26]  180
[  27]  182
[  28]  186
[  29]  190
[  30]  195
[  31]  198
[  32]  204
[  33]  210
[  34]  220
[  35]  222
[  36]  228
[  37]  230
[  38]  231
[  39]  234
[  40]  238
[  41]  240
[  42]  246
[  43]  252
[  44]  255
[  45]  258
[  46]  260
[  47]  264
[  48]  266
[  49]  270
[  50]  273
[  51]  276
[  52]  280
[  53]  282
[  54]  285
[  55]  286
[  56]  290
[  57]  294
[  58]  300
[  59]  306
[  60]  308
[  61]  310
[  62]  312
[  63]  315
[  64]  318
[  65]  322
[  66]  330
[  67]  336
[  68]  340
[  69]  342
[  70]  345
[  71]  348
[  72]  350
[  73]  354
[  74]  357
[  75]  360
[  76]  364
[  77]  366
[  78]  370
[  79]  372
[  80]  374
[  81]  378
[  82]  380
[  83]  385
[  84]  390
[  85]  396
[  86]  399
[  87]  402
[  88]  406
[  89]  408
[  90]  410
[  91]  414
[  92]  418
[  93]  420
[  94]  426
[  95]  429
[  96]  430
[  97]  434
[  98]  435
[  99]  438
[ 100]  440
[ 101]  442
[ 102]  444
[ 103]  450
[ 104]  455
[ 105]  456
[ 106]  460
[ 107]  462
[ 108]  465
[ 109]  468
[ 110]  470
[ 111]  474
[ 112]  476
[ 113]  480
[ 114]  483
[ 115]  490
[ 116]  492
[ 117]  494
[ 118]  495
[ 119]  498
[ 120]  504
[ 121]  506
[ 122]  510
[ 123]  516
[ 124]  518
[ 125]  520
[ 126]  522
[ 127]  525
[ 128]  528
[ 129]  530
[ 130]  532
[ 131]  534
[ 132]  540
[ 133]  546
[ 134]  550
[ 135]  552
[ 136]  555
[ 137]  558
[ 138]  560
[ 139]  561
[ 140]  564
[ 141]  570
[ 142]  572
[ 143]  574
[ 144]  580
[ 145]  582
[ 146]  585
[ 147]  588
[ 148]  590
[ 149]  594
[ 150]  595
[ 151]  598
[ 152]  600
[ 153]  602
[ 154]  606
[ 155]  609
[ 156]  610
[ 157]  612
[ 158]  615
[ 159]  616
[ 160]  618
[ 161]  620
[ 162]  624
[ 163]  627
[ 164]  630
[ 165]  636
[ 166]  638
[ 167]  642
[ 168]  644
[ 169]  645
[ 170]  646
[ 171]  650
[ 172]  651
[ 173]  654
[ 174]  658
[ 175]  660
[ 176]  663
[ 177]  665
[ 178]  666
[ 179]  670
[ 180]  672
[ 181]  678
[ 182]  680
[ 183]  682
[ 184]  684
[ 185]  690
[ 186]  693
[ 187]  696
[ 188]  700
[ 189]  702
[ 190]  705
[ 191]  708
[ 192]  710
[ 193]  714
[ 194]  715
[ 195]  720
[ 196]  726
[ 197]  728
[ 198]  730
[ 199]  732
[ 200]  735
[ 201]  738
[ 202]  740
[ 203]  741
[ 204]  742
[ 205]  744
[ 206]  748
[ 207]  750
[ 208]  754
[ 209]  756
[ 210]  759
[ 211]  760
[ 212]  762
[ 213]  765
[ 214]  770
[ 215]  774
[ 216]  777
[ 217]  780
[ 218]  782
[ 219]  786
[ 220]  790
[ 221]  792
[ 222]  795
[ 223]  798
[ 224]  804
[ 225]  805
[ 226]  806
[ 227]  810
[ 228]  812
[ 229]  814
[ 230]  816
[ 231]  819
[ 232]  820
[ 233]  822
[ 234]  825
[ 235]  826
[ 236]  828
[ 237]  830
[ 238]  834
[ 239]  836
[ 240]  840
[ 241]  846
[ 242]  850
[ 243]  852
[ 244]  854
[ 245]  855
[ 246]  858
[ 247]  860
[ 248]  861
[ 249]  868
[ 250]  870
[ 251]  874
[ 252]  876
[ 253]  880
[ 254]  882
[ 255]  884
[ 256]  885
[ 257]  888
[ 258]  890
[ 259]  894
[ 260]  897
[ 261]  900
[ 262]  902
[ 263]  903
[ 264]  906
[ 265]  910
[ 266]  912
[ 267]  915
[ 268]  918
[ 269]  920
[ 270]  924
[ 271]  930
[ 272]  935
[ 273]  936
[ 274]  938
[ 275]  940
[ 276]  942
[ 277]  945
[ 278]  946
[ 279]  948
[ 280]  950
[ 281]  952
[ 282]  954
[ 283]  957
[ 284]  960
[ 285]  962
[ 286]  966
[ 287]  969
[ 288]  970
[ 289]  975
[ 290]  978
[ 291]  980
[ 292]  984
[ 293]  986
[ 294]  987
[ 295]  988
[ 296]  990
[ 297]  994
[ 298]  996
[ 299] 1001
[ 300] 1002
[ 301] 1005
[ 302] 1008
[ 303] 1010
[ 304] 1012
[ 305] 1014
[ 306] 1015
[ 307] 1020
[ 308] 1022
[ 309] 1023
[ 310] 1026
[ 311] 1030
[ 312] 1032
[ 313] 1034
[ 314] 1035
[ 315] 1036
[ 316] 1038
[ 317] 1040
[ 318] 1044
[ 319] 1045
[ 320] 1050
[ 321] 1054
[ 322] 1056
[ 323] 1060
[ 324] 1062
[ 325] 1064
[ 326] 1065
[ 327] 1066
[ 328] 1068
[ 329] 1070
[ 330] 1071
[ 331] 1074
[ 332] 1078
[ 333] 1080
[ 334] 1085
[ 335] 1086
[ 336] 1090
[ 337] 1092
[ 338] 1095
[ 339] 1098
[ 340] 1100
[ 341] 1102
[ 342] 1104
[ 343] 1105
[ 344] 1106
[ 345] 1110
[ 346] 1113
[ 347] 1116
[ 348] 1118
[ 349] 1120
[ 350] 1122
[ 351] 1128
[ 352] 1130
[ 353] 1131
[ 354] 1134
[ 355] 1140
[ 356] 1144
[ 357] 1146
[ 358] 1148
[ 359] 1150
[ 360] 1155
[ 361] 1158
[ 362] 1160
[ 363] 1162
[ 364] 1164
[ 365] 1166
[ 366] 1170
[ 367] 1173
[ 368] 1176
[ 369] 1178
[ 370] 1180
[ 371] 1182
[ 372] 1185
[ 373] 1188
[ 374] 1190
[ 375] 1194
[ 376] 1196
[ 377] 1197
[ 378] 1200
[ 379] 1204
[ 380] 1206
[ 381] 1209
[ 382] 1210
[ 383] 1212
[ 384] 1218
[ 385] 1220
[ 386] 1221
[ 387] 1222
[ 388] 1224
[ 389] 1230
[ 390] 1232
[ 391] 1235
[ 392] 1236
[ 393] 1239
[ 394] 1240
[ 395] 1242
[ 396] 1245
[ 397] 1246
[ 398] 1248
[ 399] 1254
[ 400] 1258
[ 401] 1260
[ 402] 1265
[ 403] 1266
[ 404] 1270
[ 405] 1272
[ 406] 1274
[ 407] 1275
[ 408] 1276
[ 409] 1278
[ 410] 1281
[ 411] 1284
[ 412] 1287
[ 413] 1288
[ 414] 1290
[ 415] 1292
[ 416] 1295
[ 417] 1298
[ 418] 1300
[ 419] 1302
[ 420] 1305
[ 421] 1308
[ 422] 1309
[ 423] 1310
[ 424] 1311
[ 425] 1314
[ 426] 1316
[ 427] 1320
[ 428] 1326
[ 429] 1330
[ 430] 1332
[ 431] 1334
[ 432] 1335
[ 433] 1338
[ 434] 1340
[ 435] 1342
[ 436] 1344
[ 437] 1350
[ 438] 1353
[ 439] 1356
[ 440] 1358
[ 441] 1360
[ 442] 1362
[ 443] 1364
[ 444] 1365
[ 445] 1368
[ 446] 1370
[ 447] 1374
[ 448] 1378
[ 449] 1380
[ 450] 1386
[ 451] 1390
[ 452] 1392
[ 453] 1394
[ 454] 1395
[ 455] 1398
[ 456] 1400
[ 457] 1404
[ 458] 1406
[ 459] 1407
[ 460] 1410
[ 461] 1414
[ 462] 1416
[ 463] 1419
[ 464] 1420
[ 465] 1422
[ 466] 1425
[ 467] 1426
[ 468] 1428
[ 469] 1430
[ 470] 1434
[ 471] 1435
[ 472] 1440
[ 473] 1442
[ 474] 1443
[ 475] 1446
[ 476] 1449
[ 477] 1450
[ 478] 1452
[ 479] 1455
[ 480] 1456
[ 481] 1460
[ 482] 1462
[ 483] 1463
[ 484] 1464
[ 485] 1470
[ 486] 1474
[ 487] 1476
[ 488] 1479
[ 489] 1480
[ 490] 1482
[ 491] 1484
[ 492] 1485
[ 493] 1488
[ 494] 1490
[ 495] 1491
[ 496] 1494
[ 497] 1495
[ 498] 1496
[ 499] 1498
[ 500] 1500
[ 501] 1505
[ 502] 1506
[ 503] 1508
[ 504] 1510
[ 505] 1512
[ 506] 1515
[ 507] 1518
[ 508] 1520
[ 509] 1524
[ 510] 1526
[ 511] 1530
[ 512] 1533
[ 513] 1534
[ 514] 1540
[ 515] 1542
[ 516] 1545
[ 517] 1547
[ 518] 1548
[ 519] 1550
[ 520] 1551
[ 521] 1554
[ 522] 1558
[ 523] 1560
[ 524] 1562
[ 525] 1564
[ 526] 1566
[ 527] 1570
[ 528] 1572
[ 529] 1575
[ 530] 1578
[ 531] 1580
[ 532] 1581
[ 533] 1582
[ 534] 1584
[ 535] 1586
[ 536] 1590
[ 537] 1595
[ 538] 1596
[ 539] 1598
[ 540] 1599
[ 541] 1602
[ 542] 1605
[ 543] 1606
[ 544] 1608
[ 545] 1610
[ 546] 1612
[ 547] 1614
[ 548] 1615
[ 549] 1617
[ 550] 1620
[ 551] 1624
[ 552] 1626
[ 553] 1628
[ 554] 1630
[ 555] 1632
[ 556] 1634
[ 557] 1635
[ 558] 1638
[ 559] 1640
[ 560] 1644
[ 561] 1645
[ 562] 1650
[ 563] 1652
[ 564] 1653
[ 565] 1656
[ 566] 1659
[ 567] 1660
[ 568] 1662
[ 569] 1665
[ 570] 1666
[ 571] 1668
[ 572] 1670
[ 573] 1672
[ 574] 1674
[ 575] 1677
[ 576] 1680
[ 577] 1683
[ 578] 1686
[ 579] 1690
[ 580] 1692
[ 581] 1694
[ 582] 1695
[ 583] 1698
[ 584] 1700
[ 585] 1702
[ 586] 1704
[ 587] 1705
[ 588] 1708
[ 589] 1710
[ 590] 1716
[ 591] 1720
[ 592] 1722
[ 593] 1725
[ 594] 1729
[ 595] 1730
[ 596] 1734
[ 597] 1736
[ 598] 1738
[ 599] 1740
[ 600] 1742
[ 601] 1743
[ 602] 1746
[ 603] 1748
[ 604] 1749
[ 605] 1750
[ 606] 1752
[ 607] 1755
[ 608] 1758
[ 609] 1760
[ 610] 1764
[ 611] 1767
[ 612] 1768
[ 613] 1770
[ 614] 1771
[ 615] 1776
[ 616] 1778
[ 617] 1780
[ 618] 1782
[ 619] 1785
[ 620] 1786
[ 621] 1788
[ 622] 1790
[ 623] 1794
[ 624] 1798
[ 625] 1800
[ 626] 1802
[ 627] 1804
[ 628] 1806
[ 629] 1810
[ 630] 1812
[ 631] 1815
[ 632] 1818
[ 633] 1820
[ 634] 1824
[ 635] 1826
[ 636] 1827
[ 637] 1830
[ 638] 1833
[ 639] 1834
[ 640] 1836
[ 641] 1840
[ 642] 1842
[ 643] 1845
[ 644] 1846
[ 645] 1848
[ 646] 1850
[ 647] 1854
[ 648] 1855
[ 649] 1860
[ 650] 1862
[ 651] 1866
[ 652] 1869
[ 653] 1870
[ 654] 1872
[ 655] 1876
[ 656] 1878
[ 657] 1880
[ 658] 1881
[ 659] 1884
[ 660] 1885
[ 661] 1886
[ 662] 1887
[ 663] 1890
[ 664] 1892
[ 665] 1896
[ 666] 1898
[ 667] 1900
[ 668] 1902
[ 669] 1904
[ 670] 1905
[ 671] 1908
[ 672] 1910
[ 673] 1911
[ 674] 1914
[ 675] 1918
[ 676] 1920
[ 677] 1924
[ 678] 1925
[ 679] 1926
[ 680] 1930
[ 681] 1932
[ 682] 1935
[ 683] 1938
[ 684] 1940
[ 685] 1946
[ 686] 1947
[ 687] 1950
[ 688] 1953
[ 689] 1955
[ 690] 1956
[ 691] 1958
[ 692] 1960
[ 693] 1962
[ 694] 1965
[ 695] 1968
[ 696] 1970
[ 697] 1972
[ 698] 1974
[ 699] 1976
[ 700] 1978
[ 701] 1980
[ 702] 1986
[ 703] 1988
[ 704] 1989
[ 705] 1990
[ 706] 1992
[ 707] 1995
[ 708] 1998
[ 709] 2001
[ 710] 2002
[ 711] 2004
[ 712] 2006
[ 713] 2010
[ 714] 2013
[ 715] 2014
[ 716] 2015
[ 717] 2016
[ 718] 2020
[ 719] 2022
[ 720] 2024
[ 721] 2028
[ 722] 2030
[ 723] 2034
[ 724] 2035
[ 725] 2037
[ 726] 2040
[ 727] 2044
[ 728] 2046
[ 729] 2050
[ 730] 2052
[ 731] 2054
[ 732] 2055
[ 733] 2058
[ 734] 2060
[ 735] 2064
[ 736] 2065
[ 737] 2067
[ 738] 2068
[ 739] 2070
[ 740] 2072
[ 741] 2074
[ 742] 2076
[ 743] 2079
[ 744] 2080
[ 745] 2082
[ 746] 2085
[ 747] 2086
[ 748] 2088
[ 749] 2090
[ 750] 2091
[ 751] 2093
[ 752] 2094
[ 753] 2100
[ 754] 2106
[ 755] 2108
[ 756] 2109
[ 757] 2110
[ 758] 2112
[ 759] 2114
[ 760] 2115
[ 761] 2118
[ 762] 2120
[ 763] 2121
[ 764] 2124
[ 765] 2128
[ 766] 2130
[ 767] 2132
[ 768] 2134
[ 769] 2135
[ 770] 2136
[ 771] 2139
[ 772] 2140
[ 773] 2142
[ 774] 2145
[ 775] 2146
[ 776] 2148
[ 777] 2150
[ 778] 2154
[ 779] 2156
[ 780] 2158
[ 781] 2160
[ 782] 2162
[ 783] 2163
[ 784] 2166
[ 785] 2170
[ 786] 2172
[ 787] 2175
[ 788] 2178
[ 789] 2180
[ 790] 2184
[ 791] 2185
[ 792] 2190
[ 793] 2193
[ 794] 2196
[ 795] 2198
[ 796] 2200
[ 797] 2202
[ 798] 2204
[ 799] 2205
[ 800] 2208
[ 801] 2210
[ 802] 2211
[ 803] 2212
[ 804] 2214
[ 805] 2220
[ 806] 2222
[ 807] 2223
[ 808] 2226
[ 809] 2230
[ 810] 2232
[ 811] 2233
[ 812] 2235
[ 813] 2236
[ 814] 2238
[ 815] 2240
[ 816] 2242
[ 817] 2244
[ 818] 2247
[ 819] 2250
[ 820] 2254
[ 821] 2255
[ 822] 2256
[ 823] 2260
[ 824] 2261
[ 825] 2262
[ 826] 2265
[ 827] 2266
[ 828] 2268
[ 829] 2270
[ 830] 2274
[ 831] 2275
[ 832] 2277
[ 833] 2278
[ 834] 2280
[ 835] 2282
[ 836] 2286
[ 837] 2288
[ 838] 2289
[ 839] 2290
[ 840] 2292
[ 841] 2294
[ 842] 2295
[ 843] 2296
[ 844] 2298
[ 845] 2300
[ 846] 2301
[ 847] 2310
[ 848] 2314
[ 849] 2316
[ 850] 2318
[ 851] 2320
[ 852] 2322
[ 853] 2324
[ 854] 2325
[ 855] 2328
[ 856] 2330
[ 857] 2331
[ 858] 2332
[ 859] 2334
[ 860] 2337
[ 861] 2338
[ 862] 2340
[ 863] 2343
[ 864] 2345
[ 865] 2346
[ 866] 2350
[ 867] 2352
[ 868] 2354
[ 869] 2355
[ 870] 2356
[ 871] 2358
[ 872] 2360
[ 873] 2364
[ 874] 2365
[ 875] 2366
[ 876] 2370
[ 877] 2373
[ 878] 2376
[ 879] 2378
[ 880] 2379
[ 881] 2380
[ 882] 2382
[ 883] 2385
[ 884] 2387
[ 885] 2388
[ 886] 2390
[ 887] 2392
[ 888] 2394
[ 889] 2397
[ 890] 2398
[ 891] 2400
[ 892] 2405
[ 893] 2406
[ 894] 2408
[ 895] 2409
[ 896] 2410
[ 897] 2412
[ 898] 2414
[ 899] 2415
[ 900] 2418
[ 901] 2420
[ 902] 2422
[ 903] 2424
[ 904] 2430
[ 905] 2431
[ 906] 2436
[ 907] 2438
[ 908] 2440
[ 909] 2442
[ 910] 2444
[ 911] 2445
[ 912] 2448
[ 913] 2450
[ 914] 2451
[ 915] 2454
[ 916] 2457
[ 917] 2460
[ 918] 2464
[ 919] 2465
[ 920] 2466
[ 921] 2470
[ 922] 2472
[ 923] 2475
[ 924] 2478
[ 925] 2480
[ 926] 2482
[ 927] 2484
[ 928] 2485
[ 929] 2486
[ 930] 2490
[ 931] 2492
[ 932] 2494
[ 933] 2496
[ 934] 2499
[ 935] 2502
[ 936] 2505
[ 937] 2506
[ 938] 2508
[ 939] 2510
[ 940] 2514
[ 941] 2516
[ 942] 2520
[ 943] 2522
[ 944] 2526
[ 945] 2530
[ 946] 2532
[ 947] 2534
[ 948] 2535
[ 949] 2538
[ 950] 2540
[ 951] 2541
[ 952] 2542
[ 953] 2544
[ 954] 2546
[ 955] 2548
[ 956] 2550
[ 957] 2552
[ 958] 2553
[ 959] 2555
[ 960] 2556
[ 961] 2562
[ 962] 2565
[ 963] 2568
[ 964] 2570
[ 965] 2574
[ 966] 2576
[ 967] 2580
[ 968] 2583
[ 969] 2584
[ 970] 2585
[ 971] 2586
[ 972] 2590
[ 973] 2595
[ 974] 2596
[ 975] 2598
[ 976] 2600
[ 977] 2604
[ 978] 2607
[ 979] 2610
[ 980] 2613
[ 981] 2616
[ 982] 2618
[ 983] 2620
[ 984] 2622
[ 985] 2625
[ 986] 2626
[ 987] 2628
[ 988] 2630
[ 989] 2632
[ 990] 2634
[ 991] 2635
[ 992] 2639
[ 993] 2640
[ 994] 2646
[ 995] 2650
[ 996] 2652
[ 997] 2655
[ 998] 2658
[ 999] 2660
[1000] 2664
