1014
801 179 316
793 33 252
628 148 136
456 131 309
443 24 380
519 286 185
211 220 131
355 288 362
48 51 350
309 276 40
474 131 336
695 129 197
603 382 32
325 308 320
82 307 321
244 308 323
93 122 341
696 308 322
129 308 321
194 307 322
928 308 318
195 19 363
345 309 321
299 309 322
6 306 322
1004 307 319
758 308 319
139 310 322
19 309 319
754 331 100
735 307 320
413 306 323
60 307 323
876 309 323
712 309 320
872 306 320
658 308 324
777 310 323
136 260 298
949 25 204
283 350 393
41 399 36
331 306 321
304 310 320
678 307 324
829 310 321
143 305 322
441 305 323
23 305 321
535 75 371
412 309 324
138 311 321
813 311 323
383 360 314
890 306 324
357 308 325
50 311 322
470 366 353
268 304 323
810 344 127
973 304 322
689 379 68
431 312 322
368 4 213
704 304 288
941 90 90
505 148 224
354 303 323
978 95 153
789 312 323
77 313 323
765 150 363
58 310 324
969 317 203
408 304 324
596 305 324
909 311 324
853 25 356
933 224 67
365 343 76
451 306 325
191 312 324
688 395 270
791 307 325
471 349 68
487 60 203
4 309 325
290 308 326
422 106 36
848 383 291
125 232 199
572 310 325
1006 263 386
864 305 325
666 311 325
561 83 246
447 307 326
342 8 198
726 235 185
350 328 353
433 392 94
310 161 390
616 219 383
573 180 324
592 40 318
380 388 234
674 323 275
792 375 249
47 39 1
271 265 75
400 306 326
241 355 32
629 237 165
439 353 84
391 309 326
869 206 200
220 58 343
630 116 223
192 308 327
326 248 300
752 187 370
302 13 2
954 1 41
159 303 89
694 356 158
867 33 157
955 310 326
528 307 327
189 97 340
164 38 332
896 121 398
539 40 335
429 155 231
514 324 379
86 187 136
295 21 263
716 366 112
13 38 46
593 249 259
501 275 364
381 375 389
799 284 54
669 340 379
90 215 256
475 309 327
69 167 79
868 308 328
379 8 38
432 346 366
320 26 314
926 49 202
680 283 304
632 375 290
834 82 22
486 192 187
284 337 136
339 354 72
71 55 206
79 118 98
807 258 10
917 92 25
846 320 8
445 202 395
529 6 102
12 120 108
26 282 21
40 148 168
362 361 345
344 316 196
130 45 173
818 125 165
668 113 163
667 307 153
717 81 271
513 20 246
975 164 136
708 355 348
131 72 312
24 275 158
382 275 160
182 275 155
64 274 156
52 275 159
947 274 160
335 276 160
168 275 161
843 294 163
204 275 157
548 274 159
556 276 159
607 275 156
652 276 156
94 2 85
871 274 158
208 393 82
859 274 220
698 273 157
229 274 157
873 276 157
907 276 158
578 273 159
774 273 160
649 273 158
929 277 159
741 277 157
983 272 160
46 371 81
230 310 211
266 277 160
181 277 158
480 272 158
772 279 280
536 274 161
559 221 47
322 272 159
661 172 201
957 278 158
1002 155 154
488 271 159
497 278 160
692 278 159
923 312 21
924 5 272
714 78 70
602 349 336
469 173 332
18 111 191
557 271 160
305 276 161
428 279 159
707 270 160
491 279 160
809 275 162
410 351 365
805 280 160
449 206 156
257 316 389
581 273 161
738 272 161
699 277 161
190 277 104
739 91 29
2 271 161
455 376 179
584 278 161
546 234 21
764 274 162
886 57 135
8 200 78
910 273 162
463 264 85
898 276 162
11 279 161
1010 135 261
583 272 162
744 277 162
446 113 15
888 275 163
296 372 382
38 378 29
223 274 163
806 197 257
360 336 303
406 397 68
83 389 80
301 247 85
838 276 163
877 198 332
329 275 164
81 275 52
358 118 340
811 14 314
986 278 162
158 300 173
171 1 22
453 273 163
857 277 163
625 220 266
209 23 180
370 141 74
914 264 296
317 361 39
710 93 89
748 117 189
328 82 218
278 168 337
397 11 274
671 222 219
563 267 181
462 94 151
897 309 303
146 121 213
121 376 69
534 274 164
399 216 84
967 165 43
882 103 354
91 57 220
974 206 132
921 384 214
387 32 238
66 232 144
976 99 362
769 72 47
817 231 361
800 87 17
148 320 96
802 105 100
552 135 292
842 187 122
512 392 333
524 175 255
127 89 101
784 49 70
981 204 101
54 36 383
273 150 384
7 14 42
757 392 189
936 318 75
697 23 49
847 181 213
92 174 164
245 276 164
141 192 128
821 320 80
308 27 52
318 275 165
530 54 210
402 37 345
785 383 335
101 23 27
95 13 72
722 328 61
911 16 276
53 181 319
831 379 387
701 303 240
120 320 72
731 214 328
564 345 341
851 251 370
972 16 131
375 308 353
679 0 344
349 20 27
874 27 188
750 170 90
647 374 112
858 346 221
425 32 264
285 178 390
711 259 226
903 165 217
252 314 20
411 121 208
644 276 109
582 38 89
75 13 214
415 23 39
255 386 79
1008 366 370
70 331 382
608 320 83
1005 186 355
258 351 301
753 259 293
132 17 352
237 110 229
458 272 388
303 65 360
540 351 268
825 47 3
854 367 396
944 99 52
376 109 276
478 351 382
622 169 149
721 155 390
351 350 284
343 342 28
822 334 13
307 202 213
542 3 29
790 183 85
126 236 181
579 184 127
621 220 373
918 24 86
63 259 122
527 297 332
356 278 3
966 15 121
998 386 45
207 383 72
588 365 102
293 325 4
249 6 275
175 107 160
676 229 244
173 352 194
849 256 174
751 58 217
916 156 341
508 264 350
298 30 213
336 275 280
468 249 254
369 115 338
835 158 89
724 17 171
390 242 77
363 168 293
483 348 345
374 228 209
878 190 277
720 357 289
461 41 337
165 49 1
650 20 168
300 180 371
103 234 389
347 53 154
106 312 247
706 228 212
520 255 227
359 286 390
946 377 346
544 43 236
442 298 274
291 345 357
150 228 364
795 187 332
464 397 138
17 247 220
1013 94 86
218 175 257
657 132 108
747 292 281
319 115 179
161 308 313
21 318 185
895 210 26
771 221 18
479 198 383
715 310 112
925 178 290
373 308 378
550 243 277
953 308 311
740 254 25
28 317 303
541 42 396
935 228 80
198 150 185
515 308 303
840 314 279
994 334 128
25 228 246
963 307 304
334 14 168
905 179 372
938 154 208
421 91 50
5 34 266
155 308 304
623 329 125
845 110 164
424 109 164
465 376 387
324 66 371
435 372 269
824 293 9
570 142 23
690 319 171
893 307 305
939 322 388
197 281 186
725 394 333
990 280 149
215 308 307
682 332 73
332 292 84
855 295 228
44 85 128
700 95 164
196 308 305
264 258 365
430 283 347
183 166 202
775 166 201
274 229 99
850 308 306
619 308 309
492 381 166
733 9 329
254 166 200
409 166 197
1011 165 202
214 165 201
549 167 202
3 166 198
122 84 32
932 165 198
631 166 199
597 165 199
472 165 200
145 166 203
1009 167 201
996 377 165
248 167 199
883 172 14
589 167 200
33 137 278
482 167 198
836 167 398
670 164 201
427 164 200
262 375 33
585 304 35
156 164 199
532 167 397
414 168 201
875 168 200
985 248 326
642 136 385
467 166 398
200 168 199
899 163 202
420 164 202
545 168 202
137 120 343
574 163 201
518 165 203
734 167 203
102 169 201
59 163 200
96 166 204
419 168 398
687 167 399
681 167 396
879 175 21
987 114 288
134 169 202
166 169 200
270 66 264
922 225 241
755 162 202
68 332 340
416 170 202
595 40 75
576 164 203
1007 168 203
533 163 203
627 349 214
523 355 70
727 166 397
852 162 201
281 37 183
591 170 201
537 161 202
444 171 202
942 174 54
705 162 203
553 168 397
22 77 311
162 165 204
30 158 328
394 37 66
803 165 398
246 172 264
109 169 203
118 170 203
902 169 398
598 163 204
149 226 379
315 164 204
880 166 399
116 168 399
34 152 392
767 254 143
234 46 305
476 167 204
16 168 204
565 103 298
348 165 205
773 166 205
558 120 87
940 0 171
154 167 205
250 169 204
919 164 205
506 112 12
862 166 206
516 256 10
931 74 180
157 168 205
703 152 383
1012 167 394
232 166 395
968 165 206
313 353 364
691 167 206
912 266 239
151 280 266
730 249 285
185 167 395
920 397 375
798 257 245
338 166 396
551 225 187
580 166 207
395 331 381
531 172 293
438 168 395
828 165 396
502 168 396
163 103 177
457 169 396
436 273 178
759 288 358
115 372 224
999 164 397
904 353 91
108 71 250
485 165 397
228 382 315
117 335 20
648 167 393
39 169 397
178 170 397
316 163 398
213 119 269
396 192 112
489 164 398
656 166 394
9 0 77
948 170 398
891 232 117
1003 168 394
51 165 399
404 169 399
600 171 398
29 165 395
844 356 282
128 164 399
685 169 395
970 46 358
820 164 396
768 170 399
226 83 45
677 142 227
1000 241 57
640 382 175
562 397 271
259 245 263
815 37 289
952 207 46
778 290 31
737 193 272
172 113 294
78 339 269
937 239 68
384 341 150
289 33 201
261 316 284
992 56 15
839 200 357
781 130 229
885 170 396
870 283 256
216 268 164
481 92 52
418 163 397
770 217 43
814 23 156
174 204 69
473 171 36
991 395 127
620 171 397
729 343 351
510 309 44
110 162 170
865 154 377
606 97 30
205 42 314
247 111 197
571 326 386
321 146 253
945 112 102
160 162 398
385 205 47
613 206 76
927 140 63
826 172 398
684 126 180
74 230 63
611 271 194
45 30 31
80 382 19
686 17 252
388 258 319
251 143 386
169 143 387
962 142 387
87 163 399
392 143 385
594 142 388
386 143 389
641 143 388
908 142 389
894 90 254
749 144 387
113 144 388
554 141 388
99 142 386
72 145 388
36 171 399
982 141 389
762 143 384
995 144 386
989 167 13
683 349 362
170 140 389
279 144 389
280 141 387
609 143 390
517 142 385
459 145 387
522 145 389
184 88 1
709 144 385
760 142 390
856 160 378
663 144 390
0 146 389
124 141 390
366 104 6
265 140 388
352 145 390
67 270 162
224 154 247
297 146 388
610 143 391
231 141 386
340 198 47
702 142 391
495 308 273
718 145 386
881 140 387
206 344 125
951 229 171
626 139 389
466 147 362
210 146 387
494 202 399
454 139 388
236 366 197
743 143 312
221 147 388
913 82 30
256 147 389
107 144 391
634 140 390
615 146 390
509 131 63
569 21 19
225 312 275
713 143 392
605 138 389
645 148 389
538 195 231
477 141 391
958 145 391
841 13 73
240 398 209
73 326 259
732 211 364
525 147 166
10 142 392
286 122 340
364 139 390
1001 121 341
55 123 341
144 244 27
590 122 342
673 144 392
984 147 390
672 173 331
587 258 127
98 140 391
105 172 332
62 130 225
153 174 332
267 143 393
104 173 333
378 91 49
819 90 50
934 92 50
212 91 51
49 146 391
235 12 73
889 14 73
217 314 139
901 13 74
393 304 287
1 303 288
88 305 288
37 379 218
372 122 339
728 304 289
437 121 340
193 123 340
490 120 341
965 137 223
277 124 341
979 121 342
971 74 311
639 123 342
243 122 343
341 141 392
180 75 319
961 235 229
20 265 74
403 264 75
577 255 109
560 145 392
114 142 393
823 266 75
100 265 76
787 173 330
756 172 331
97 144 393
693 174 331
333 315 83
423 93 88
371 171 332
547 175 332
887 172 333
179 174 333
780 143 394
643 173 334
654 92 89
199 94 89
604 93 90
659 308 352
746 307 353
915 309 353
498 308 354
719 366 369
448 365 370
203 367 370
832 366 371
675 351 300
993 350 301
112 352 301
504 351 302
637 351 267
337 350 268
89 352 268
575 351 269
892 275 279
119 274 280
997 276 280
964 104 246
76 9 33
405 274 91
660 275 281
346 132 107
167 131 108
830 169 315
272 133 108
782 317 384
665 132 109
988 127 105
152 91 48
239 90 49
507 133 383
812 341 149
796 92 49
123 89 50
493 93 50
426 90 51
32 340 150
779 92 51
651 91 52
827 342 150
188 341 151
555 161 389
816 13 71
499 12 72
884 14 72
222 11 73
543 15 73
260 12 74
662 160 390
276 14 74
263 13 75
452 162 390
330 161 391
511 122 338
863 121 339
417 206 199
85 205 200
736 207 200
950 291 176
42 88 125
960 123 339
638 120 340
407 285 90
766 124 340
434 206 201
599 119 341
61 33 200
147 125 341
111 32 201
980 34 201
401 120 342
253 33 202
201 124 342
612 367 144
633 121 343
282 235 184
788 234 185
135 70 33
956 123 343
783 122 344
566 173 329
786 88 18
176 172 330
288 174 330
311 397 72
745 236 185
808 179 285
521 171 331
327 175 331
794 170 332
238 370 148
287 304 286
242 176 332
65 303 287
943 235 186
617 171 333
567 175 333
314 172 334
377 174 334
655 173 335
601 91 47
219 322 207
833 305 287
635 302 288
186 90 48
804 92 48
312 32 63
500 89 49
306 93 49
776 392 42
15 88 50
294 306 288
653 206 155
646 385 349
292 303 289
460 94 50
526 89 51
177 305 289
233 93 51
353 87 208
31 90 52
484 91 53
503 205 156
140 13 70
761 317 38
269 12 71
496 230 58
837 14 71
27 11 72
861 60 120
398 15 72
723 207 156
389 304 290
742 10 73
227 206 157
906 16 73
84 11 74
586 265 73
56 15 74
930 12 75
797 14 75
440 13 76
624 122 337
664 121 338
142 38 88
866 264 74
14 266 74
450 395 393
133 263 75
361 328 332
900 267 75
568 37 89
187 123 338
860 264 76
275 266 76
959 265 77
636 39 89
43 38 90
57 93 87
202 69 112
367 159 294
323 120 339
763 308 233
35 308 251
977 308 223
614 92 88
618 308 237
